rosbagTimestamp,header,seq,stamp,secs,nsecs,frame_id,child_frame_id,pose,pose,position,x,y,z,orientation,x,y,z,w,covariance,twist,twist,linear,x,y,z,angular,x,y,z,covariance
1402416354919304945,,235459,,1402416354,886643886,/enu,/base_link,,,,7.36691779571,19.8789943614,-19.1091064447,,0.0136276331252,-0.00251285622482,-0.890627326403,-0.454522759203,"[0.027937561009897558, -0.00615052843489283, -0.0015208881465868956, 1.9251317543484073e-06, -2.8211847116437765e-07, -5.2716911204835864e-05, -0.00615052843489283, 0.03347173854030886, 0.005166591943007555, -9.499280626842044e-07, -1.3631197161510385e-06, -2.506819625322904e-05, -0.0015208881465868956, 0.005166591943007555, 0.21444821542896678, 1.6883523605712532e-06, -1.5822182235231701e-06, 4.147589843450793e-06, 1.9251317543484073e-06, -9.499280626842044e-07, 1.6883523605712532e-06, 4.04473496861474e-06, 2.570927768246607e-07, -1.2011204182287643e-06, -2.8211847116437765e-07, -1.3631197161510385e-06, -1.5822182235231701e-06, 2.570927768246607e-07, 4.162257562689304e-06, 1.7542773057779977e-06, -5.2716911204835864e-05, -2.506819625322904e-05, 4.147589843450793e-06, -1.2011204182287643e-06, 1.7542773057779977e-06, 0.00012218879397080394]",,,,0.362974878251,0.49394321058,0.00634562977465,,0.0199197188772,-0.0172364289173,-0.328229111819,"[0.00031419451425742403, -1.3164159297757729e-05, -3.398150184380573e-05, 3.26015296416392e-09, 9.11876377619657e-09, 5.2149478302435456e-08, -1.3164159297757729e-05, 0.00015699887122268798, 4.9875404037642095e-06, -7.53494373276327e-09, 3.6022091364200587e-09, -1.930298375977302e-08, -3.398150184380573e-05, 4.9875404037642095e-06, 0.00016698776179122004, -1.3779163703063247e-09, -7.874750874346388e-10, 4.5472415097289374e-10, 3.26015296416392e-09, -7.53494373276327e-09, -1.3779163703063247e-09, 2.1733531855608328e-09, 4.625914706838622e-12, 1.1831550849893607e-11, 9.11876377619657e-09, 3.6022091364200587e-09, -7.874750874346388e-10, 4.625914706838622e-12, 2.15085343350677e-09, -4.6389056015444e-13, 5.2149478302435456e-08, -1.930298375977302e-08, 4.5472415097289374e-10, 1.1831550849893607e-11, -4.6389056015444e-13, 2.1732500823546834e-09]"
1402416354919380467,,235460,,1402416354,896635055,/enu,/base_link,,,,7.36092126786,19.8791040524,-19.1091006466,,0.0136483839047,-0.00263544309941,-0.889890564159,-0.455962235144,"[0.027940140195584898, -0.0061516452702796145, -0.0015184541331915101, 1.9586938721267134e-06, -9.562706956148293e-08, -5.297517295427767e-05, -0.0061516452702796145, 0.033473858080235466, 0.005164048975819685, -1.134876373464253e-06, -1.3893624002119443e-06, -2.475741444156896e-05, -0.0015184541331915101, 0.005164048975819685, 0.21446151352775264, 1.6991541722665576e-06, -1.5784567526881787e-06, 4.143570558974754e-06, 1.9586938721267134e-06, -1.134876373464253e-06, 1.6991541722665576e-06, 4.084615324738888e-06, 2.57097355237403e-07, -1.2009143528926497e-06, -9.562706956148293e-08, -1.3893624002119443e-06, -1.5784567526881787e-06, 2.57097355237403e-07, 4.202118329620523e-06, 1.7527351832363158e-06, -5.297517295427767e-05, -2.475741444156896e-05, 4.143570558974754e-06, -1.2009143528926497e-06, 1.7527351832363158e-06, 0.00012220693608743833]",,,,0.365909857805,0.491255097071,0.0168683215375,,0.0243376292039,0.0161187951692,-0.323038068399,"[0.0003187381038859155, -1.2577302761373985e-05, -3.3812788777480636e-05, 3.3223605099271557e-09, 9.324900103595716e-09, 5.2218877956728515e-08, -1.2577302761373985e-05, 0.00016041509120200405, 5.129569504535456e-06, -7.715937002380855e-09, 3.6749116704418603e-09, -1.924719865126705e-08, -3.3812788777480636e-05, 5.129569504535456e-06, 0.00016735660445913375, -1.385831081852065e-09, -7.729751456031544e-10, 4.672904159835789e-10, 3.3223605099271557e-09, -7.715937002380855e-09, -1.385831081852065e-09, 2.173353165958564e-09, 4.625918865611038e-12, 1.1831299151578094e-11, 9.324900103595716e-09, 3.6749116704418603e-09, -7.729751456031544e-10, 4.625918865611038e-12, 2.150853390392011e-09, -4.634862461266313e-13, 5.2218877956728515e-08, -1.924719865126705e-08, 4.672904159835789e-10, 1.1831299151578094e-11, -4.634862461266313e-13, 2.173243924596053e-09]"
1402416354919529012,,235461,,1402416354,906645059,/enu,/base_link,,,,7.35481269442,19.8790689744,-19.1090830438,,0.0135122879848,-0.00259773686326,-0.889152705618,-0.457403690331,"[0.027942842750373578, -0.006152779322490016, -0.0015160078021571265, 1.9925267743845783e-06, 9.517940447344542e-08, -5.322881301499162e-05, -0.006152779322490016, 0.03347597897716608, 0.005161562592487836, -1.3239808330619187e-06, -1.4158882346490887e-06, -2.4443656436363142e-05, -0.0015160078021571265, 0.005161562592487836, 0.21447475072999567, 1.7098245540773882e-06, -1.574717417802187e-06, 4.139759989211937e-06, 1.9925267743845783e-06, -1.3239808330619187e-06, 1.7098245540773882e-06, 4.12464505861636e-06, 2.5710191645678915e-07, -1.200706882302976e-06, 9.517940447344542e-08, -1.4158882346490887e-06, -1.574717417802187e-06, 2.5710191645678915e-07, 4.242128607764933e-06, 1.7511811134284168e-06, -5.322881301499162e-05, -2.4443656436363142e-05, 4.139759989211937e-06, -1.200706882302976e-06, 1.7511811134284168e-06, 0.0001222252257452572]",,,,0.36122614113,0.495373210301,0.00660653459696,,0.010089867736,-0.0264035932041,-0.323148517995,"[0.0003233412697189159, -1.197255618310971e-05, -3.370810443440715e-05, 3.3853246038822083e-09, 9.532783725515404e-09, 5.228895385391714e-08, -1.197255618310971e-05, 0.00016391595391196937, 5.278526826655781e-06, -7.898960774168343e-09, 3.749294164927971e-09, -1.9190965807968792e-08, -3.370810443440715e-05, 5.278526826655781e-06, 0.000167757188714412, -1.396259136312886e-09, -7.617976266585098e-10, 4.5496179481707897e-10, 3.3853246038822083e-09, -7.898960774168343e-09, -1.396259136312886e-09, 2.1733531459488035e-09, 4.625922973592093e-12, 1.1831043602263298e-11, 9.532783725515404e-09, 3.749294164927971e-09, -7.617976266585098e-10, 4.625922973592093e-12, 2.1508533466350774e-09, -4.630803010186083e-13, 5.228895385391714e-08, -1.9190965807968792e-08, 4.5496179481707897e-10, 1.1831043602263298e-11, -4.630803010186083e-13, 2.1732377637855075e-09]"
1402416354919551584,,235462,,1402416354,917633056,/enu,/base_link,,,,7.34790297967,19.8791868665,-19.1091190106,,0.0133916013064,-0.00260661105027,-0.888339743418,-0.458984063838,"[0.027945795954312548, -0.006154024711715014, -0.0015133189958715005, 2.0300007038612476e-06, 3.097661482253776e-07, -5.350933300290027e-05, -0.006154024711715014, 0.033478376875598195, 0.005158816033298147, -1.536664316592379e-06, -1.4453627751550129e-06, -2.409997649054227e-05, -0.0015133189958715005, 0.005158816033298147, 0.21448934280597454, 1.7212083625591453e-06, -1.5708366268398776e-06, 4.135581039420777e-06, 2.0300007038612476e-06, -1.536664316592379e-06, 1.7212083625591453e-06, 4.172892151651612e-06, 2.571065868000822e-07, -1.2005056493408313e-06, 3.097661482253776e-07, -1.4453627751550129e-06, -1.5708366268398776e-06, 2.571065868000822e-07, 4.290356144391054e-06, 1.7496179597512526e-06, -5.350933300290027e-05, -2.409997649054227e-05, 4.135581039420777e-06, -1.2005056493408313e-06, 1.7496179597512526e-06, 0.0001222518476645684]",,,,0.363489003935,0.494686500042,0.0122349043464,,0.0158331511637,-0.0175677722231,-0.322927624797,"[0.00032853339158990644, -1.1302228307945699e-05, -3.357703678204778e-05, 3.456017932089832e-09, 9.762804876907056e-09, 5.236687368026945e-08, -1.1302228307945699e-05, 0.00016789181431206614, 5.4436609880635465e-06, -8.101829508966531e-09, 3.832492077542518e-09, -1.9129591436249674e-08, -3.357703678204778e-05, 5.4436609880635465e-06, 0.00016822982426257415, -1.406877760420894e-09, -7.488895455956166e-10, 4.4766316414645825e-10, 3.456017932089832e-09, -8.101829508966531e-09, -1.406877760420894e-09, 2.1733531254947734e-09, 4.625927148133626e-12, 1.1830786292247724e-11, 9.762804876907056e-09, 3.832492077542518e-09, -7.488895455956166e-10, 4.625927148133626e-12, 2.1508533023586738e-09, -4.62672797273985e-13, 5.236687368026945e-08, -1.9129591436249674e-08, 4.4766316414645825e-10, 1.1830786292247724e-11, -4.62672797273985e-13, 2.173231601916981e-09]"
1402416354959048468,,235463,,1402416354,927617073,/enu,/base_link,,,,7.34173279724,19.8792976153,-19.1090717558,,0.0133160686803,-0.00269733383157,-0.887592251866,-0.46042958325,"[0.027948554041935202, -0.006155201697269314, -0.001510868805254085, 2.064346033952494e-06, 5.087936238429495e-07, -5.3767297928135066e-05, -0.006155201697269314, 0.03348060394288285, 0.005156271651662282, -1.7338385131056636e-06, -1.4723967497752815e-06, -2.3787984026394427e-05, -0.001510868805254085, 0.005156271651662282, 0.2145026245767279, 1.7321469476158671e-06, -1.5669578827435923e-06, 4.13162787888968e-06, 2.064346033952494e-06, -1.7338385131056636e-06, 1.7321469476158671e-06, 4.2127107344601656e-06, 2.571111025035074e-07, -1.2002944203427301e-06, 5.087936238429495e-07, -1.4723967497752815e-06, -1.5669578827435923e-06, 2.571111025035074e-07, 4.330155594360012e-06, 1.7480369960518547e-06, -5.3767297928135066e-05, -2.3787984026394427e-05, 4.13162787888968e-06, -1.2002944203427301e-06, 1.7480369960518547e-06, 0.00012226991205512917]",,,,0.365955063034,0.495034707728,0.0110489530424,,0.0274301660278,-0.00387224975255,-0.325357477048,"[0.0003333067515883731, -1.0682582331835327e-05, -3.343320495905019e-05, 3.5218818982274703e-09, 9.973842415201796e-09, 5.2437575385219854e-08, -1.0682582331835327e-05, 0.00017155264993041363, 5.593748571304592e-06, -8.288250027851934e-09, 3.90962475005424e-09, -1.9071719041948913e-08, -3.343320495905019e-05, 5.593748571304592e-06, 0.00016861139895141435, -1.415109180364684e-09, -7.362964209700939e-10, 4.5041131346863047e-10, 3.5218818982274703e-09, -8.288250027851934e-09, -1.415109180364684e-09, 2.173353104612178e-09, 4.6259313211709654e-12, 1.183052467821896e-11, 9.973842415201796e-09, 3.90962475005424e-09, -7.362964209700939e-10, 4.6259313211709654e-12, 2.15085325744639e-09, -4.622634792973817e-13, 5.2437575385219854e-08, -1.9071719041948913e-08, 4.5041131346863047e-10, 1.183052467821896e-11, -4.622634792973817e-13, 2.1732254372792887e-09]"
1402416354959194396,,235464,,1402416354,937751054,/enu,/base_link,,,,7.34793961962,19.8652476571,-19.0817556109,,0.0124025472143,-0.00220429179288,-0.886719722104,-0.462135751001,"[0.027933456430467806, -0.006154422554735584, -0.0015135972942590878, 1.9017150644418987e-06, -3.8844794734673244e-07, -5.3594983275884036e-05, -0.006154422554735584, 0.033466503108983116, 0.0051671112116250615, -8.993134023763651e-07, -1.366556439404007e-06, -2.3633276200382697e-05, -0.0015135972942590878, 0.0051671112116250615, 0.21444695300133154, 1.640629123256041e-06, -1.4661670930832472e-06, 4.073246326444257e-06, 1.9017150644418987e-06, -8.993134023763651e-07, 1.640629123256041e-06, 4.044902014016546e-06, 2.5656021939484294e-07, -1.181427553931993e-06, -3.8844794734673244e-07, -1.366556439404007e-06, -1.4661670930832472e-06, 2.5656021939484294e-07, 4.165950174988152e-06, 1.8253132578120512e-06, -5.3594983275884036e-05, -2.3633276200382697e-05, 4.073246326444257e-06, -1.181427553931993e-06, 1.8253132578120512e-06, 0.00012225706294333513]",,,,0.340863115801,0.497681599208,0.0215776531242,,0.0170476266223,-0.00475678393225,-0.325578657782,"[0.00031286638039859535, -9.363374297799594e-06, -3.495453584280251e-05, 3.2268357323836684e-09, 9.046962920177552e-09, 5.2191270090801714e-08, -9.363374297799594e-06, 0.00015482307594829928, 4.282859602440695e-06, -7.509647106446299e-09, 3.619832516490738e-09, -1.7790120521363477e-08, -3.495453584280251e-05, 4.282859602440695e-06, 0.00016722355299081168, -1.386110422317353e-09, -8.698489388653273e-10, 3.131488755431077e-10, 3.2268357323836684e-09, -7.509647106446299e-09, -1.386110422317353e-09, 2.1732961542223016e-09, 4.623184592061939e-12, 1.183697079013782e-11, 9.046962920177552e-09, 3.619832516490738e-09, -8.698489388653273e-10, 4.623184592061939e-12, 2.150798977538507e-09, -4.816301175784586e-13, 5.2191270090801714e-08, -1.7790120521363477e-08, 3.131488755431077e-10, 1.183697079013782e-11, -4.816301175784586e-13, 2.1732109490280083e-09]"
1402416354959219703,,235465,,1402416354,947614908,/enu,/base_link,,,,7.34175575766,19.8650226133,-19.0814974592,,0.0122620782138,-0.00223325648906,-0.885968277654,-0.463578326709,"[0.027935991775963794, -0.006155547615585916, -0.0015111328274445505, 1.9345615403448075e-06, -2.0468992634422052e-07, -5.383776825764886e-05, -0.006155547615585916, 0.03346857335302777, 0.005164636886733489, -1.081434308425033e-06, -1.3923003492353463e-06, -2.332692320662793e-05, -0.0015111328274445505, 0.005164636886733489, 0.21445993904917404, 1.6510573886897681e-06, -1.4620916359194238e-06, 4.069301564508928e-06, 1.9345615403448075e-06, -1.081434308425033e-06, 1.6510573886897681e-06, 4.083770695345297e-06, 2.565646998225673e-07, -1.1812223639450543e-06, -2.0468992634422052e-07, -1.3923003492353463e-06, -1.4620916359194238e-06, 2.565646998225673e-07, 4.2047973449839334e-06, 1.8237535440826012e-06, -5.383776825764886e-05, -2.332692320662793e-05, 4.069301564508928e-06, -1.1812223639450543e-06, 1.8237535440826012e-06, 0.00012227411188430915]",,,,0.340231831321,0.499679446114,0.01338992998,,0.0224595665074,-0.0213239480654,-0.328339858292,"[0.00031727651597741435, -8.753334895235848e-06, -3.4864087064222995e-05, 3.2877711122961383e-09, 9.249819933723193e-09, 5.2255288453044836e-08, -8.753334895235848e-06, 0.00015820739352453698, 4.418128119911803e-06, -7.688398796949095e-09, 3.692657129427409e-09, -1.773351340893787e-08, -3.4864087064222995e-05, 4.418128119911803e-06, 0.00016760707163927143, -1.3954912983802181e-09, -8.598429906563848e-10, 3.055784623541011e-10, 3.2877711122961383e-09, -7.688398796949095e-09, -1.3954912983802181e-09, 2.173296134524005e-09, 4.623189152240091e-12, 1.1836713934700116e-11, 9.249819933723193e-09, 3.692657129427409e-09, -8.598429906563848e-10, 4.623189152240091e-12, 2.1507989340333265e-09, -4.81225387993636e-13, 5.2255288453044836e-08, -1.773351340893787e-08, 3.055784623541011e-10, 1.1836713934700116e-11, -4.81225387993636e-13, 2.173204772285328e-09]"
1402416354998965774,,235466,,1402416354,957619905,/enu,/base_link,,,,7.33586985123,19.8651101472,-19.0815560102,,0.0122478464929,-0.00230051624739,-0.885237219117,-0.464972863478,"[0.02793862556937, -0.006156702038597187, -0.0015086883534927717, 1.968190023096964e-06, -1.411348068408823e-08, -5.408881364171997e-05, -0.006156702038597187, 0.033470685046349515, 0.00516209509646052, -1.2703460468862104e-06, -1.4186937634312859e-06, -2.3016155641681385e-05, -0.0015086883534927717, 0.00516209509646052, 0.21447337853178558, 1.6618072710468868e-06, -1.457941242115582e-06, 4.065322724977463e-06, 1.968190023096964e-06, -1.2703460468862104e-06, 1.6618072710468868e-06, 4.123760390999398e-06, 2.565691784658706e-07, -1.1810167486258671e-06, -1.411348068408823e-08, -1.4186937634312859e-06, -1.457941242115582e-06, 2.565691784658706e-07, 4.244765616671655e-06, 1.8221825447664571e-06, -5.408881364171997e-05, -2.3016155641681385e-05, 4.065322724977463e-06, -1.1810167486258671e-06, 1.8221825447664571e-06, 0.00012229229526129203]",,,,0.34277898287,0.496446063174,0.0244807152608,,0.0170476260392,0.00485217155098,-0.314202546386,"[0.00032184849718222785, -8.14902323195499e-06, -3.4731736628732286e-05, 3.3500230746360055e-09, 9.45795683905774e-09, 5.231772972148305e-08, -8.14902323195499e-06, 0.00016172680741838308, 4.559482905706763e-06, -7.87173892189561e-09, 3.7665919029515646e-09, -1.768404944517154e-08, -3.4731736628732286e-05, 4.559482905706763e-06, 0.00016798344756909989, -1.4044491652953473e-09, -8.471318627691383e-10, 3.1065676124810654e-10, 3.3500230746360055e-09, -7.87173892189561e-09, -1.4044491652953473e-09, 2.1732961145739897e-09, 4.62319372058031e-12, 1.1836453327825189e-11, 9.45795683905774e-09, 3.7665919029515646e-09, -8.471318627691383e-10, 4.62319372058031e-12, 2.1507988899228053e-09, -4.808191299252372e-13, 5.231772972148305e-08, -1.768404944517154e-08, 3.1065676124810654e-10, 1.1836453327825189e-11, -4.808191299252372e-13, 2.173198594218589e-09]"
1402416355038843666,,235467,,1402416354,967617988,/enu,/base_link,,,,7.32985521628,19.8651319873,-19.0815396841,,0.0121138195037,-0.00227136332806,-0.88449386319,-0.466389003157,"[0.027941346037794343, -0.0061578347516582504, -0.0015062483653010853, 2.002044804639464e-06, 1.8038141469345338e-07, -5.4336224838772196e-05, -0.0061578347516582504, 0.03347289822089903, 0.005159592198724647, -1.4629845472399079e-06, -1.445303968149414e-06, -2.270449339949012e-05, -0.0015062483653010853, 0.005159592198724647, 0.21448652432925222, 1.6724818810878933e-06, -1.45379903706234e-06, 4.061242138497276e-06, 2.002044804639464e-06, -1.4629845472399079e-06, 1.6724818810878933e-06, 4.163693317901588e-06, 2.5657363545958057e-07, -1.1808095244631278e-06, 1.8038141469345338e-07, -1.445303968149414e-06, -1.45379903706234e-06, 2.5657363545958057e-07, 4.284677249399563e-06, 1.82059942723847e-06, -5.4336224838772196e-05, -2.270449339949012e-05, 4.061242138497276e-06, -1.1808095244631278e-06, 1.82059942723847e-06, 0.00012231041691601922]",,,,0.340471043638,0.500841264449,0.0132079021455,,0.0111938944808,-0.025300067466,-0.319504040945,"[0.0003264763809497705, -7.523805524673537e-06, -3.464535608408199e-05, 3.413421212918794e-09, 9.667279163940955e-09, 5.238147762971183e-08, -7.523805524673537e-06, 0.00016532201293739825, 4.7033374625384615e-06, -8.056644924832864e-09, 3.84239358203705e-09, -1.763152577582226e-08, -3.464535608408199e-05, 4.7033374625384615e-06, 0.00016838090053766634, -1.4148991533075887e-09, -8.369933609744027e-10, 2.989443754844073e-10, 3.413421212918794e-09, -8.056644924832864e-09, -1.4148991533075887e-09, 2.1732960940807964e-09, 4.623198325336179e-12, 1.1836189712595171e-11, 9.667279163940955e-09, 3.84239358203705e-09, -8.369933609744027e-10, 4.623198325336179e-12, 2.1507988452287057e-09, -4.804113332984499e-13, 5.238147762971183e-08, -1.763152577582226e-08, 2.989443754844073e-10, 1.1836189712595171e-11, -4.804113332984499e-13, 2.1731924145659115e-09]"
1402416355038874627,,235468,,1402416354,977673053,/enu,/base_link,,,,7.3236804248,19.8650383431,-19.0812625037,,0.0120628921168,-0.00237334347715,-0.883735378969,-0.467825430939,"[0.027944055150285536, -0.006159045065243244, -0.0015037756496965394, 2.036413313223621e-06, 3.802208160388063e-07, -5.458843847641669e-05, -0.006159045065243244, 0.03347516245013591, 0.0051570114480834085, -1.6608990198023473e-06, -1.4723603621791749e-06, -2.239199968335486e-05, -0.0015037756496965394, 0.0051570114480834085, 0.21450001924664638, 1.6833532212270045e-06, -1.449553823322249e-06, 4.057085688932731e-06, 2.036413313223621e-06, -1.6608990198023473e-06, 1.6833532212270045e-06, 4.204082137819371e-06, 2.565780784289012e-07, -1.1806011488139306e-06, 3.802208160388063e-07, -1.4723603621791749e-06, -1.449553823322249e-06, 2.565780784289012e-07, 4.325044896552205e-06, 1.819004422018021e-06, -5.458843847641669e-05, -2.239199968335486e-05, 4.057085688932731e-06, -1.1806011488139306e-06, 1.819004422018021e-06, 0.00012232899733465299]",,,,0.342660562896,0.498923290384,0.0216070097654,,0.0265461332431,0.00164918650279,-0.322375684765,"[0.0003312326388637598, -6.887511056371118e-06, -3.4513731720740456e-05, 3.4790331554375225e-09, 9.879586285372719e-09, 5.2446308382510164e-08, -6.887511056371118e-06, 0.00016902269583112106, 4.847222343138924e-06, -8.244413030141176e-09, 3.9201299130908534e-09, -1.7576896971360604e-08, -3.4513731720740456e-05, 4.847222343138924e-06, 0.00016876243239246627, -1.4232114486371146e-09, -8.248636343794758e-10, 3.040508071819176e-10, 3.4790331554375225e-09, -8.244413030141176e-09, -1.4232114486371146e-09, 2.1732960732451065e-09, 4.623202942341696e-12, 1.1835923713519881e-11, 9.879586285372719e-09, 3.9201299130908534e-09, -8.248636343794758e-10, 4.623202942341696e-12, 2.15079880001165e-09, -4.800019324216233e-13, 5.2446308382510164e-08, -1.7576896971360604e-08, 3.040508071819176e-10, 1.1835923713519881e-11, -4.800019324216233e-13, 2.173186233054223e-09]"
1402416355038909185,,235469,,1402416354,987607002,/enu,/base_link,,,,7.31770326253,19.8651301513,-19.0814011911,,0.0119359820221,-0.0023139589589,-0.88299201195,-0.469230524113,"[0.027946818062353735, -0.006160191935484043, -0.0015013345212112022, 2.0705696200816053e-06, 5.818080938816655e-07, -5.483318892119943e-05, -0.006160191935484043, 0.03347738803517254, 0.005154509750251708, -1.860406149597238e-06, -1.499352316962865e-06, -2.2082429016535784e-05, -0.0015013345212112022, 0.005154509750251708, 0.21451327896923256, 1.694045722416354e-06, -1.4452889109035082e-06, 4.0528894380848945e-06, 2.0705696200816053e-06, -1.860406149597238e-06, 1.694045722416354e-06, 4.243500538910424e-06, 2.5658248420866296e-07, -1.18039022983244e-06, 5.818080938816655e-07, -1.499352316962865e-06, -1.4452889109035082e-06, 2.5658248420866296e-07, 4.364442293763871e-06, 1.8173967952294446e-06, -5.483318892119943e-05, -2.2082429016535784e-05, 4.0528894380848945e-06, -1.18039022983244e-06, 1.8173967952294446e-06, 0.0001223465883952199]",,,,0.339304357137,0.502978485844,0.0185626590201,,0.00522971503497,-0.0270672315964,-0.319724940218,"[0.00033598694573863414, -6.244952815480253e-06, -3.443050505691839e-05, 3.5444592882169666e-09, 1.0090810122141655e-08, 5.251017196776505e-08, -6.244952815480253e-06, 0.0001727539230589157, 4.9943756995959775e-06, -8.431471074401001e-09, 3.998288487760182e-09, -1.7524025509649907e-08, -3.443050505691839e-05, 4.9943756995959775e-06, 0.00016915665140356396, -1.4341308042413418e-09, -8.14843854360048e-10, 2.9047852314324614e-10, 3.5444592882169666e-09, -8.431471074401001e-09, -1.4341308042413418e-09, 2.1732960520248074e-09, 4.623207554884532e-12, 1.1835654559021166e-11, 1.0090810122141655e-08, 3.998288487760182e-09, -8.14843854360048e-10, 4.623207554884532e-12, 2.150798754211818e-09, -4.795909913500142e-13, 5.251017196776505e-08, -1.7524025509649907e-08, 2.9047852314324614e-10, 1.1835654559021166e-11, -4.795909913500142e-13, 2.1731800496487698e-09]"
1402416355038966682,,235470,,1402416354,997766971,/enu,/base_link,,,,7.31146023491,19.8651326443,-19.0812916623,,0.011861217813,-0.00225642923673,-0.882253301755,-0.47062015637,"[0.027949680063716464, -0.0061614546430666306, -0.001498811730489714, 2.105824320941255e-06, 7.924264712522298e-07, -5.508545021947383e-05, -0.0061614546430666306, 0.03347974501045109, 0.005151911685633868, -2.0687939625641103e-06, -1.52725102653083e-06, -2.176649762195078e-05, -0.001498811730489714, 0.005151911685633868, 0.2145269406836766, 1.7049946562608737e-06, -1.4409137089652358e-06, 4.048805046362543e-06, 2.105824320941255e-06, -2.0687939625641103e-06, 1.7049946562608737e-06, 4.284735192356321e-06, 2.565868975480942e-07, -1.1801795540842549e-06, 7.924264712522298e-07, -1.52725102653083e-06, -1.4409137089652358e-06, 2.565868975480942e-07, 4.405656029324838e-06, 1.8157778624744272e-06, -5.508545021947383e-05, -2.176649762195078e-05, 4.048805046362543e-06, -1.1801795540842549e-06, 1.8157778624744272e-06, 0.00012236601938114643]",,,,0.342191102655,0.502442659957,0.0192295552959,,0.00059090883738,-0.017237380714,-0.309342853197,"[0.0003409469028275754, -5.594333800718416e-06, -3.432843226157884e-05, 3.611928202678343e-09, 1.0309078521275936e-08, 5.2574155445679314e-08, -5.594333800718416e-06, 0.00017666370666202287, 5.150827785212821e-06, -8.624899199538834e-09, 4.0786666436864994e-09, -1.7475267411920902e-08, -3.432843226157884e-05, 5.150827785212821e-06, 0.00016956208541251772, -1.4453692008681286e-09, -8.034344371142303e-10, 2.8101720313215616e-10, 3.611928202678343e-09, -8.624899199538834e-09, -1.4453692008681286e-09, 2.1732960304042157e-09, 4.623212272257873e-12, 1.1835382413067972e-11, 1.0309078521275936e-08, 4.0786666436864994e-09, -8.034344371142303e-10, 4.623212272257873e-12, 2.1507987077367337e-09, -4.791785463479791e-13, 5.2574155445679314e-08, -1.7475267411920902e-08, 2.8101720313215616e-10, 1.1835382413067972e-11, -4.791785463479791e-13, 2.1731738642956876e-09]"
1402416355078833403,,235471,,1402416355,7606029,/enu,/base_link,,,,7.30552415929,19.865135296,-19.0811150744,,0.0117513774237,-0.00223715434268,-0.88152502526,-0.471985730832,"[0.02795251566216357, -0.0061626355528430835, -0.0014963969787676675, 2.140192632616397e-06, 1.0002594598338738e-06, -5.533072364684362e-05, -0.0061626355528430835, 0.03348206594024577, 0.005149403643863933, -2.2743480242930735e-06, -1.5545239208066746e-06, -2.1461555832210286e-05, -0.0014963969787676675, 0.005149403643863933, 0.2145401741683849, 1.715833607234663e-06, -1.4365010203354081e-06, 4.044850465028609e-06, 2.140192632616397e-06, -2.2743480242930735e-06, 1.715833607234663e-06, 4.323399646450474e-06, 2.5659124628324487e-07, -1.1799647785315264e-06, 1.0002594598338738e-06, -1.5545239208066746e-06, -1.4365010203354081e-06, 2.5659124628324487e-07, 4.444299796618227e-06, 1.814145376168554e-06, -5.533072364684362e-05, -2.1461555832210286e-05, 4.044850465028609e-06, -1.1799647785315264e-06, 1.814145376168554e-06, 0.00012238283669132802]",,,,0.343241029853,0.504898120871,0.0103528200992,,0.0107521028036,-0.0204403657922,-0.314202556387,"[0.0003458172447135277, -4.95033107317342e-06, -3.423415493080616e-05, 3.6788018165921743e-09, 1.0522121161224399e-08, 5.263695526986909e-08, -4.95033107317342e-06, 0.00018052083510504985, 5.3030466100513626e-06, -8.814148922584515e-09, 4.158210158834027e-09, -1.7425178044786972e-08, -3.423415493080616e-05, 5.3030466100513626e-06, 0.00016994420031927234, -1.4555975215007184e-09, -7.931244350851266e-10, 2.71923301412132e-10, 3.6788018165921743e-09, -8.814148922584515e-09, -1.4555975215007184e-09, 2.173296008351656e-09, 4.623216935511234e-12, 1.1835106730167055e-11, 1.0522121161224399e-08, 4.158210158834027e-09, -7.931244350851266e-10, 4.623216935511234e-12, 2.1507986607496964e-09, -4.787645059831883e-13, 5.263695526986909e-08, -1.7425178044786972e-08, 2.71923301412132e-10, 1.1835106730167055e-11, -4.787645059831883e-13, 2.1731676771515025e-09]"
1402416355078864066,,235472,,1402416355,18580913,/enu,/base_link,,,,7.29870960298,19.8651723939,-19.0810403382,,0.0117635788086,-0.00226321386538,-0.880713852715,-0.473497207713,"[0.02795571898871742, -0.006163975086572232, -0.0014936269093054053, 2.178899035541702e-06, 1.2375428765688787e-06, -5.5607783439568324e-05, -0.006163975086572232, 0.033484725214339324, 0.005146601828210743, -2.509087278548956e-06, -1.585323459330279e-06, -2.1123194454340485e-05, -0.0014936269093054053, 0.005146601828210743, 0.21455494137753903, 1.7275629652592105e-06, -1.431797075520349e-06, 4.040429161855603e-06, 2.178899035541702e-06, -2.509087278548956e-06, 1.7275629652592105e-06, 4.3715244113160535e-06, 2.5659571814057723e-07, -1.1797573706722e-06, 1.2375428765688787e-06, -1.585323459330279e-06, -1.431797075520349e-06, 2.5659571814057723e-07, 4.492403744150475e-06, 1.8125046623755308e-06, -5.5607783439568324e-05, -2.1123194454340485e-05, 4.040429161855603e-06, -1.1797573706722e-06, 1.8125046623755308e-06, 0.00012240924900476844]",,,,0.344387249084,0.503615222691,0.0223774215089,,0.00677598323827,0.00529396277207,-0.312214498261,"[0.0003514108404347448, -4.226649003114457e-06, -3.4078192886049324e-05, 3.755097595161462e-09, 1.0761704060814743e-08, 5.2707744770474095e-08, -4.226649003114457e-06, 0.0001849657185312234, 5.475290321787646e-06, -9.026985412670477e-09, 4.248391938894527e-09, -1.7370873725768997e-08, -3.4078192886049324e-05, 5.475290321787646e-06, 0.00017039804508209777, -1.4662949643633739e-09, -7.78556583993601e-10, 2.758637350780601e-10, 3.755097595161462e-09, -9.026985412670477e-09, -1.4662949643633739e-09, 2.173295985898759e-09, 4.623221626169419e-12, 1.1834827884558376e-11, 1.0761704060814743e-08, 4.248391938894527e-09, -7.78556583993601e-10, 4.623221626169419e-12, 2.150798613205121e-09, -4.783490376365504e-13, 5.2707744770474095e-08, -1.7370873725768997e-08, 2.758637350780601e-10, 1.1834827884558376e-11, -4.783490376365504e-13, 2.173161487287442e-09]"
1402416355080973141,,235473,,1402416355,29704093,/enu,/base_link,,,,7.29211398467,19.8653227084,-19.0810223133,,0.0115989764647,-0.002137801936,-0.879912667521,-0.47498904312,"[0.027959056514625418, -0.006165367808708721, -0.001490832597407797, 2.218405450066281e-06, 1.4833489684637501e-06, -5.5884317536004315e-05, -0.006165367808708721, 0.03348749320224846, 0.005143720472038875, -2.752159680464214e-06, -1.6168099589523613e-06, -2.0776503143398566e-05, -0.001490832597407797, 0.005143720472038875, 0.21456995185888464, 1.7392743837748005e-06, -1.427150811112099e-06, 4.03594757550101e-06, 2.218405450066281e-06, -2.752159680464214e-06, 1.7392743837748005e-06, 4.420958872060021e-06, 2.5660018166351085e-07, -1.1795492659400975e-06, 1.4833489684637501e-06, -1.6168099589523613e-06, -1.427150811112099e-06, 2.5660018166351085e-07, 4.541817533134558e-06, 1.8108496112296808e-06, -5.5884317536004315e-05, -2.0776503143398566e-05, 4.03594757550101e-06, -1.1795492659400975e-06, 1.8108496112296808e-06, 0.00012243698243853636]",,,,0.341770567683,0.506229270874,0.0126505194963,,-0.00228073346043,-0.0356821568823,-0.304151814275,"[0.00035715723763844303, -3.4905376857039344e-06, -3.400163885039166e-05, 3.8325144989200605e-09, 1.1006568844803006e-08, 5.2778631687390805e-08, -3.4905376857039344e-06, 0.00018958087949557932, 5.66020743395511e-06, -9.245146704552536e-09, 4.340682137481764e-09, -1.732019064798739e-08, -3.400163885039166e-05, 5.66020743395511e-06, 0.00017089660175038734, -1.4798333506830922e-09, -7.681688203878829e-10, 2.54103343176936e-10, 3.8325144989200605e-09, -9.245146704552536e-09, -1.4798333506830922e-09, 2.1732959629902183e-09, 4.623226339697009e-12, 1.18345463098511e-11, 1.1006568844803006e-08, 4.340682137481764e-09, -7.681688203878829e-10, 4.623226339697009e-12, 2.1507985649794187e-09, -4.779318873876637e-13, 5.2778631687390805e-08, -1.732019064798739e-08, 2.54103343176936e-10, 1.18345463098511e-11, -4.779318873876637e-13, 2.1731552969852424e-09]"
1402416355081003898,,235474,,1402416355,38568973,/enu,/base_link,,,,7.29129429607,19.8742399804,-19.0858948777,,0.0114767537325,-0.00346154300116,-0.879192118737,-0.476316617592,"[0.027942462202464706, -0.0061641370672706015, -0.0014939244205524754, 2.016475218457203e-06, 3.4974006472061474e-07, -5.557275517189792e-05, -0.0061641370672706015, 0.033472058441531824, 0.005155139479385717, -1.6898410997913537e-06, -1.4895380899613073e-06, -2.0740349739611168e-05, -0.0014939244205524754, 0.005155139479385717, 0.2145117260358076, 1.6222549303703646e-06, -1.3088663446175397e-06, 3.9706165083266226e-06, 2.016475218457203e-06, -1.6898410997913537e-06, 1.6222549303703646e-06, 4.200341985476292e-06, 2.6033933524681564e-07, -1.1481036543703266e-06, 3.4974006472061474e-07, -1.4895380899613073e-06, -1.3088663446175397e-06, 2.6033933524681564e-07, 4.32634942521218e-06, 1.913289684128471e-06, -5.557275517189792e-05, -2.0740349739611168e-05, 3.9706165083266226e-06, -1.1481036543703266e-06, 1.913289684128471e-06, 0.00012239797544490774]",,,,0.356993509155,0.481645506062,0.018691577715,,0.0110847909708,0.0079448136502,-0.304151963182,"[0.000327268397900479, -5.133173806024141e-06, -3.450755459296525e-05, 3.4553962191586647e-09, 9.910742803909867e-09, 5.092772811109494e-08, -5.133173806024141e-06, 0.0001712841469589642, 3.7039311694000754e-06, -8.262117788204711e-09, 4.034106852567693e-09, -1.8212408953645592e-08, -3.450755459296525e-05, 3.7039311694000754e-06, 0.00016907526714727878, -1.345731477556402e-09, -8.27608577938447e-10, 2.94069290239763e-10, 3.4553962191586647e-09, -8.262117788204711e-09, -1.345731477556402e-09, 2.173226296376579e-09, 4.620000450424198e-12, 1.1842637332151008e-11, 9.910742803909867e-09, 4.034106852567693e-09, -8.27608577938447e-10, 4.620000450424198e-12, 2.1507346096023968e-09, -5.043052657707273e-13, 5.092772811109494e-08, -1.8212408953645592e-08, 2.94069290239763e-10, 1.1842637332151008e-11, -5.043052657707273e-13, 2.1731364354557043e-09]"
1402416355081031663,,235475,,1402416355,48551082,/enu,/base_link,,,,7.28526061113,19.8744737807,-19.0857230136,,0.0113784496981,-0.00332546068598,-0.878483655903,-0.477625311835,"[0.027945215821020317, -0.006165323925302388, -0.0014914775756475528, 2.050884684885026e-06, 5.526764499762722e-07, -5.581233375961308e-05, -0.006165323925302388, 0.03347441871342593, 0.005152494072804043, -1.8905099815596224e-06, -1.516830814275765e-06, -2.0434032322530145e-05, -0.0014914775756475528, 0.005152494072804043, 0.21452527662429277, 1.6330266553537e-06, -1.304118584155977e-06, 3.966274416677816e-06, 2.050884684885026e-06, -1.8905099815596224e-06, 1.6330266553537e-06, 4.240144518970069e-06, 2.6034336217266516e-07, -1.1478988893737183e-06, 5.526764499762722e-07, -1.516830814275765e-06, -1.304118584155977e-06, 2.6034336217266516e-07, 4.366128212079566e-06, 1.911663005249555e-06, -5.581233375961308e-05, -2.0434032322530145e-05, 3.966274416677816e-06, -1.1478988893737183e-06, 1.911663005249555e-06, 0.00012241587654965208]",,,,0.354100967104,0.484963133827,0.0124857811478,,-0.0110047616263,-0.0296074253816,-0.297856443308,"[0.0003320296651688716, -4.509751056562962e-06, -3.442077789091914e-05, 3.518829343214114e-09, 1.0123742463646976e-08, 5.0988139787858796e-08, -4.509751056562962e-06, 0.0001750747314859692, 3.840581928940799e-06, -8.450747243637545e-09, 4.1115298973416e-09, -1.8178389096213818e-08, -3.442077789091914e-05, 3.840581928940799e-06, 0.00016947499442312913, -1.3573248600800204e-09, -8.169348659125068e-10, 2.768487522577312e-10, 3.518829343214114e-09, -8.450747243637545e-09, -1.3573248600800204e-09, 2.173226275171111e-09, 4.620005671197682e-12, 1.1842361657457677e-11, 1.0123742463646976e-08, 4.1115298973416e-09, -8.169348659125068e-10, 4.620005671197682e-12, 2.1507345632165457e-09, -5.038932534131896e-13, 5.0988139787858796e-08, -1.8178389096213818e-08, 2.768487522577312e-10, 1.1842361657457677e-11, -5.038932534131896e-13, 2.17313023088005e-09]"
1402416355118860596,,235476,,1402416355,58541059,/enu,/base_link,,,,7.27921658226,19.8749107585,-19.0857640373,,0.0113791427738,-0.00332919748995,-0.877771106399,-0.478933519734,"[0.027948056805828594, -0.006166534924919599, -0.0014890319767453778, 2.0856599298463646e-06, 7.600522045938767e-07, -5.605707580047799e-05, -0.006166534924919599, 0.03347677682647453, 0.005149949728356506, -2.0955150855665495e-06, -1.5444515134818112e-06, -2.0129478959452076e-05, -0.0014890319767453778, 0.005149949728356506, 0.21453864874905215, 1.6440112600371365e-06, -1.2992417875255791e-06, 3.962149843816736e-06, 2.0856599298463646e-06, -2.0955150855665495e-06, 1.6440112600371365e-06, 4.280008486858629e-06, 2.603473639401977e-07, -1.1476927118803001e-06, 7.600522045938767e-07, -1.5444515134818112e-06, -1.2992417875255791e-06, 2.603473639401977e-07, 4.405968552715245e-06, 1.910024201271161e-06, -5.605707580047799e-05, -2.0129478959452076e-05, 3.962149843816736e-06, -1.1476927118803001e-06, 1.910024201271161e-06, 0.0001224338361069]",,,,0.359191287794,0.484509096738,0.0149124915741,,0.00412658158985,0.00120750024382,-0.297745997737,"[0.0003368974477470492, -3.883586020657257e-06, -3.428211231542029e-05, 3.5838776247241604e-09, 1.033900178626227e-08, 5.104881057439974e-08, -3.883586020657257e-06, 0.00017895203352190475, 3.978275604789656e-06, -8.641571117886827e-09, 4.190135048002855e-09, -1.8144182409529182e-08, -3.428211231542029e-05, 3.978275604789656e-06, 0.00016985316740866023, -1.3666609286854534e-09, -8.037908543664219e-10, 2.7801009796982827e-10, 3.5838776247241604e-09, -8.641571117886827e-09, -1.3666609286854534e-09, 2.1732262536080237e-09, 4.620010883693364e-12, 1.184208361479465e-11, 1.033900178626227e-08, 4.190135048002855e-09, -8.037908543664219e-10, 4.620010883693364e-12, 2.150734516250012e-09, -5.034797622690174e-13, 5.104881057439974e-08, -1.8144182409529182e-08, 2.7801009796982827e-10, 1.184208361479465e-11, -5.034797622690174e-13, 2.1731240228192612e-09]"
1402416355118890881,,235477,,1402416355,68547964,/enu,/base_link,,,,7.27332447913,19.8752996011,-19.0856611022,,0.0113801112868,-0.00322850520302,-0.877054394193,-0.480245415854,"[0.02795093089893994, -0.006167797953466213, -0.0014865183562417167, 2.1207619808289228e-06, 9.720997556629907e-07, -5.630098982724542e-05, -0.006167797953466213, 0.033479116166870104, 0.005147412894759473, -2.3050548862289854e-06, -1.5724178818568546e-06, -1.9825744147906138e-05, -0.0014865183562417167, 0.005147412894759473, 0.21455212422550066, 1.6550238370183076e-06, -1.2942569099885966e-06, 3.957821885824776e-06, 2.1207619808289228e-06, -2.3050548862289854e-06, 1.6550238370183076e-06, 4.3200064588795875e-06, 2.603513397482534e-07, -1.1474852329299757e-06, 9.720997556629907e-07, -1.5724178818568546e-06, -1.2942569099885966e-06, 2.603513397482534e-07, 4.445943022091978e-06, 1.9083733529710273e-06, -5.630098982724542e-05, -1.9825744147906138e-05, 3.957821885824776e-06, -1.1474852329299757e-06, 1.9083733529710273e-06, 0.0001224519277883633]",,,,0.358229939844,0.486506023664,0.0195955873787,,-0.0142077471292,-0.00873279829749,-0.298408687109,"[0.00034184956695400737, -3.239357791218974e-06, -3.415869580842866e-05, 3.65014483933341e-09, 1.0556064451964435e-08, 5.11100941068886e-08, -3.239357791218974e-06, 0.00018291830990214977, 4.121260953700761e-06, -8.834107150870376e-09, 4.270471090315777e-09, -1.8109281439527107e-08, -3.415869580842866e-05, 4.121260953700761e-06, 0.00017024106131596125, -1.3779525904167827e-09, -7.908249618981904e-10, 2.7081510868403287e-10, 3.65014483933341e-09, -8.834107150870376e-09, -1.3779525904167827e-09, 2.1732262315918457e-09, 4.620016139877504e-12, 1.1841802132335797e-11, 1.0556064451964435e-08, 4.270471090315777e-09, -7.908249618981904e-10, 4.620016139877504e-12, 2.1507344686962384e-09, -5.030648096766039e-13, 5.11100941068886e-08, -1.8109281439527107e-08, 2.7081510868403287e-10, 1.1841802132335797e-11, -5.030648096766039e-13, 2.1731178152343964e-09]"
1402416355118911444,,235478,,1402416355,78552961,/enu,/base_link,,,,7.2673032816,19.875948658,-19.0859727141,,0.0113054368974,-0.00315202961777,-0.876337615627,-0.481554394896,"[0.027953840544948868, -0.006169035599662559, -0.001484007737195612, 2.1561092752825557e-06, 1.1883425647955803e-06, -5.654662267261828e-05, -0.006169035599662559, 0.03348164267297351, 0.00514473490222884, -2.518733313964921e-06, -1.6006224314241318e-06, -1.9520207339053217e-05, -0.001484007737195612, 0.00514473490222884, 0.2145658449668429, 1.6661519170417134e-06, -1.2892828174222518e-06, 3.953596245210039e-06, 2.1561092752825557e-06, -2.518733313964921e-06, 1.6661519170417134e-06, 4.3599876484937e-06, 2.6035528785644924e-07, -1.1472762925722332e-06, 1.1883425647955803e-06, -1.6006224314241318e-06, -1.2892828174222518e-06, 2.6035528785644924e-07, 4.485900840680445e-06, 1.9067102658194336e-06, -5.654662267261828e-05, -1.9520207339053217e-05, 3.953596245210039e-06, -1.1472762925722332e-06, 1.9067102658194336e-06, 0.00012246999850297951]",,,,0.360547336833,0.485281066867,0.0134153431633,,-0.00272118004003,-0.0196671267478,-0.298077345464,"[0.00034687585948045443, -2.590612794704968e-06, -3.405255009302565e-05, 3.7173904637910297e-09, 1.0774800842361413e-08, 5.1171570980448013e-08, -2.590612794704968e-06, 0.000186969030172892, 4.266915274639425e-06, -9.028682155684444e-09, 4.3519431425162744e-09, -1.807446815811874e-08, -3.405255009302565e-05, 4.266915274639425e-06, 0.00017063555120077673, -1.3887081540164998e-09, -7.79414990795067e-10, 2.600714953634187e-10, 3.7173904637910297e-09, -9.028682155684444e-09, -1.3887081540164998e-09, 2.1732262091990135e-09, 4.6200214034081186e-12, 1.184151785998226e-11, 1.0774800842361413e-08, 4.3519431425162744e-09, -7.79414990795067e-10, 4.6200214034081186e-12, 2.1507344205323485e-09, -5.026483912326464e-13, 5.1171570980448013e-08, -1.807446815811874e-08, 2.600714953634187e-10, 1.184151785998226e-11, -5.026483912326464e-13, 2.1731116040158178e-09]"
