rosbagTimestamp,header,seq,stamp,secs,nsecs,frame_id,child_frame_id,pose,pose,position,x,y,z,orientation,x,y,z,w,covariance,twist,twist,linear,x,y,z,angular,x,y,z,covariance
1402415803838601614,,135744,,1402415803,837497949,/enu,/imu,,,,11.7298819336,17.3083802559,-25.6958552768,,0.603146977247,0.797469416648,-0.0080301324528,0.0138481161787,"[0.02519005366525408, -0.004275423069064748, -0.006648612826257815, -4.0593984446442796e-07, 3.458896261399047e-08, -7.45139348704418e-05, -0.004275423069064748, 0.027734486655693016, 0.00858801979892507, -9.055922823285126e-07, 1.204354452331929e-06, -8.421959529208346e-05, -0.006648612826257815, 0.00858801979892507, 0.21210629591949193, 3.812434159653396e-06, -3.008102299289316e-06, 2.1757766363716238e-06, -4.0593984446442796e-07, -9.055922823285126e-07, 3.812434159653396e-06, 4.076743483202709e-06, -3.8169087706091356e-07, 1.0408240893888944e-07, 3.458896261399047e-08, 1.204354452331929e-06, -3.008102299289316e-06, -3.8169087706091356e-07, 4.20218259320773e-06, -4.890060361497371e-07, -7.45139348704418e-05, -8.421959529208346e-05, 2.1757766363716238e-06, 1.0408240893888944e-07, -4.890060361497371e-07, 0.0001503289758413751]",,,,-0.0375049713841,-0.0406008098391,-0.00406082809802,,0.00941350553373,0.0224845299389,-0.0303418613963,"[0.00017198602305334596, 5.361040834524394e-05, 5.1384859762135626e-05, 2.0018149123152817e-09, -1.2381259095559236e-08, -1.4809132519043267e-09, 5.361040834524394e-05, 0.00023456818568414907, 3.950009439273762e-05, 1.6214252600002865e-08, -2.8394383420610925e-09, 3.5513020254743498e-09, 5.1384859762135626e-05, 3.950009439273762e-05, 0.0001801873996636526, 9.102503294947011e-10, -3.462983644535322e-09, -1.2879797046270746e-12, 2.0018149123152817e-09, 1.6214252600002865e-08, 9.102503294947011e-10, 3.047798739505243e-09, -9.581934993564863e-12, -9.42230642225439e-12, -1.2381259095559236e-08, -2.8394383420610925e-09, -3.462983644535322e-09, -9.581934993564863e-12, 3.0065565774751533e-09, -2.0473500167570044e-12, -1.4809132519043267e-09, 3.5513020254743498e-09, -1.2879797046270746e-12, -9.42230642225439e-12, -2.0473500167570044e-12, 3.0771402631005193e-09]"
1402415803848438509,,135745,,1402415803,847501039,/enu,/imu,,,,11.7295830419,17.3080496293,-25.696025625,,0.603034560827,0.797556669067,-0.00800921306271,0.013730643872,"[0.025192045167805793, -0.004274236757281127, -0.006650593690108782, -4.4560512827158326e-07, 2.3235002272077132e-07, -7.444930840453565e-05, -0.004274236757281127, 0.027737782045688164, 0.008582671686874058, -1.092967402653018e-06, 1.245806560826427e-06, -8.423211557964857e-05, -0.006650593690108782, 0.008582671686874058, 0.21212357445683663, 3.831438632351877e-06, -3.015183195263015e-06, 2.1766229926102987e-06, -4.4560512827158326e-07, -1.092967402653018e-06, 3.831438632351877e-06, 4.116737868212898e-06, -3.816861469620389e-07, 1.0429976400031243e-07, 2.3235002272077132e-07, 1.245806560826427e-06, -3.015183195263015e-06, -3.816861469620389e-07, 4.242208898124323e-06, -4.904949176580805e-07, -7.444930840453565e-05, -8.423211557964857e-05, 2.1766229926102987e-06, 1.0429976400031243e-07, -4.904949176580805e-07, 0.00015033838514802]",,,,-0.0378471577935,-0.0405132651779,-0.0037833621,,0.0104075341899,0.0212696057178,-0.0252612888537,"[0.00017556462433745604, 5.421318084331879e-05, 5.138464292283906e-05, 2.0145843248829093e-09, -1.266155555864449e-08, -1.4855660031058298e-09, 5.421318084331879e-05, 0.00023922084585771097, 3.9653086225337066e-05, 1.6540341052202747e-08, -2.872040157505342e-09, 3.58091606953922e-09, 5.138464292283906e-05, 3.9653086225337066e-05, 0.00018055819922998414, 9.108720025720607e-10, -3.4576761282327476e-09, -1.4888850996683326e-12, 2.0145843248829093e-09, 1.6540341052202747e-08, 9.108720025720607e-10, 3.047798698814055e-09, -9.5818930057275e-12, -9.42311757862297e-12, -1.266155555864449e-08, -2.872040157505342e-09, -3.4576761282327476e-09, -9.5818930057275e-12, 3.0065565078330254e-09, -2.046704231868782e-12, -1.4855660031058298e-09, 3.58091606953922e-09, -1.4888850996683326e-12, -9.42311757862297e-12, -2.046704231868782e-12, 3.077122715978582e-09]"
1402415803858584879,,135746,,1402415803,857497930,/enu,/imu,,,,11.7293702762,17.3075255892,-25.6958845821,,0.602922292105,0.797643651311,-0.00801865237892,0.0136020740871,"[0.025194048552921434, -0.004273038490013486, -0.006652529295738274, -4.85623750021716e-07, 4.341340114595818e-07, -7.438481782135733e-05, -0.004273038490013486, 0.027741132703360802, 0.008577379352969667, -1.284212933177256e-06, 1.2876038913690302e-06, -8.424440502280321e-05, -0.006652529295738274, 0.008577379352969667, 0.2121407273590752, 3.850402639203628e-06, -3.022247430724113e-06, 2.1772473188440484e-06, -4.85623750021716e-07, -1.284212933177256e-06, 3.850402639203628e-06, 4.156681434593181e-06, -3.81681338989511e-07, 1.0451875848609349e-07, 4.341340114595818e-07, 1.2876038913690302e-06, -3.022247430724113e-06, -3.81681338989511e-07, 4.282184937689316e-06, -4.919981538861471e-07, -7.438481782135733e-05, -8.424440502280321e-05, 2.1772473188440484e-06, 1.0451875848609349e-07, -4.919981538861471e-07, 0.00015034774056606415]",,,,-0.0380501705375,-0.0404063790202,-0.00358858118536,,0.0165926076197,0.0193919949549,-0.0251508668482,"[0.00017921660443115085, 5.482438658152396e-05, 5.1380036275652606e-05, 2.0271750697151767e-09, -1.2944661819505242e-08, -1.4901969395885443e-09, 5.482438658152396e-05, 0.00024396063092149703, 3.980072696458338e-05, 1.686928888407677e-08, -2.905016741124712e-09, 3.6106146782921574e-09, 5.1380036275652606e-05, 3.980072696458338e-05, 0.00018092170714738152, 9.103546161404635e-10, -3.451976582483993e-09, -1.893265323384049e-12, 2.0271750697151767e-09, 1.686928888407677e-08, 9.103546161404635e-10, 3.047798658782023e-09, -9.581851051629053e-12, -9.423920749892768e-12, -1.2944661819505242e-08, -2.905016741124712e-09, -3.451976582483993e-09, -9.581851051629053e-12, 3.006556437144155e-09, -2.046057138072566e-12, -1.4901969395885443e-09, 3.6106146782921574e-09, -1.893265323384049e-12, -9.423920749892768e-12, -2.046057138072566e-12, 3.077105166758932e-09]"
1402415803868426116,,135747,,1402415803,867496013,/enu,/imu,,,,11.728841721,17.3067644075,-25.6954758296,,0.602814234492,0.797727725373,-0.00799953500118,0.0134715368261,"[0.025196181366302094, -0.004271747591887424, -0.006654651417012515, -5.260153466457331e-07, 6.400901889608311e-07, -7.432078199415261e-05, -0.004271747591887424, 0.02774465360206591, 0.008571852470382647, -1.4795236145918275e-06, 1.3297896266426462e-06, -8.425665153401846e-05, -0.006654651417012515, 0.008571852470382647, 0.21215833270813914, 3.869369050515318e-06, -3.0293246084425534e-06, 2.178087865567004e-06, -5.260153466457331e-07, -1.4795236145918275e-06, 3.869369050515318e-06, 4.196633337776511e-06, -3.816764587100957e-07, 1.0473936747706497e-07, 6.400901889608311e-07, 1.3297896266426462e-06, -3.0293246084425534e-06, -3.816764587100957e-07, 4.322169874464544e-06, -4.935157642465995e-07, -7.432078199415261e-05, -8.425665153401846e-05, 2.178087865567004e-06, 1.0473936747706497e-07, -4.935157642465995e-07, 0.0001503571028764266]",,,,-0.0383361413969,-0.0403495252234,-0.00346332142474,,0.0122851436713,0.023147220053,-0.0240464150181,"[0.00018294113104452763, 5.5437590708985095e-05, 5.1377135421411463e-05, 2.039738339413567e-09, -1.3230619642183236e-08, -1.4948190672081908e-09, 5.5437590708985095e-05, 0.00024878240352361054, 3.995186271488214e-05, 1.7201214621210776e-08, -2.9378778881702878e-09, 3.640442195881056e-09, 5.1377135421411463e-05, 3.995186271488214e-05, 0.0001812925771780864, 9.105581040718482e-10, -3.4469166804321717e-09, -2.2069129710181824e-12, 2.039738339413567e-09, 1.7201214621210776e-08, 9.105581040718482e-10, 3.0477986194861887e-09, -9.581809113419598e-12, -9.42471597023079e-12, -1.3230619642183236e-08, -2.9378778881702878e-09, -3.4469166804321717e-09, -9.581809113419598e-12, 3.006556365439932e-09, -2.0454087289485026e-12, -1.4948190672081908e-09, 3.640442195881056e-09, -2.2069129710181824e-12, -9.42471597023079e-12, -2.0454087289485026e-12, 3.0770876153891504e-09]"
1402415803878617342,,135748,,1402415803,877496957,/enu,/imu,,,,11.7286943483,17.3065170074,-25.6958763495,,0.602694220813,0.797820335696,-0.00796598922815,0.0133765153891,"[0.02519822636591762, -0.0042706002500182486, -0.006656517717655958, -5.667870218904193e-07, 8.503203441083724e-07, -7.425694794927881e-05, -0.0042706002500182486, 0.027747980562014038, 0.008566621556089716, -1.6789743780834454e-06, 1.372370092830782e-06, -8.426860032406195e-05, -0.006656517717655958, 0.008566621556089716, 0.21217543168275915, 3.888336159905449e-06, -3.0364182550112767e-06, 2.1788157404371996e-06, -5.667870218904193e-07, -1.6789743780834454e-06, 3.888336159905449e-06, 4.2366069234600855e-06, -3.816715072495566e-07, 1.0496152770977935e-07, 8.503203441083724e-07, 1.372370092830782e-06, -3.0364182550112767e-06, -3.816715072495566e-07, 4.362177060432338e-06, -4.950477873582765e-07, -7.425694794927881e-05, -8.426860032406195e-05, 2.1788157404371996e-06, 1.0496152770977935e-07, -4.950477873582765e-07, 0.00015036648581088084]",,,,-0.0387061990894,-0.0400418889472,-0.0033502212409,,0.00565827654902,0.0191711022235,-0.0265867414761,"[0.00018674321105023126, 5.605215482107261e-05, 5.137580579734421e-05, 2.0516647921617914e-09, -1.3519626480486832e-08, -1.4995754470191894e-09, 5.605215482107261e-05, 0.0002536903208201059, 4.0106532848232767e-05, 1.7536255366456745e-08, -2.971081516832129e-09, 3.670580681783225e-09, 5.137580579734421e-05, 4.0106532848232767e-05, 0.0001816649453363963, 9.117694057946768e-10, -3.4415731622538973e-09, -2.2254985021734955e-12, 2.0516647921617914e-09, 1.7536255366456745e-08, 9.117694057946768e-10, 3.04779858081629e-09, -9.581767202106764e-12, -9.425503210773598e-12, -1.3519626480486832e-08, -2.971081516832129e-09, -3.4415731622538973e-09, -9.581767202106764e-12, 3.0065562926204278e-09, -2.0447590614817594e-12, -1.4995754470191894e-09, 3.670580681783225e-09, -2.2254985021734955e-12, -9.425503210773598e-12, -2.0447590614817594e-12, 3.0770700618580775e-09]"
1402415803888418429,,135749,,1402415803,887470960,/enu,/imu,,,,11.7476758638,17.3114586071,-25.6807086957,,0.602346929363,0.798080628117,-0.00929190214839,0.0126153979639,"[0.025187894955782275, -0.004273383850667883, -0.006650273427161215, -4.3188350051355996e-07, 1.239041436836748e-07, -7.440435299689429e-05, -0.004273383850667883, 0.027738998873541868, 0.008579281039736136, -9.490698833498143e-07, 1.26860890207814e-06, -8.42931967257307e-05, -0.006650273427161215, 0.008579281039736136, 0.21211306160932958, 3.860999389913921e-06, -3.0626103211970014e-06, 2.194087450199978e-06, -4.3188350051355996e-07, -9.490698833498143e-07, 3.860999389913921e-06, 4.07454432593959e-06, -3.8177360988379415e-07, 1.0560593458713636e-07, 1.239041436836748e-07, 1.26860890207814e-06, -3.0626103211970014e-06, -3.8177360988379415e-07, 4.198876081737027e-06, -5.334620103075108e-07, -7.440435299689429e-05, -8.42931967257307e-05, 2.194087450199978e-06, 1.0560593458713636e-07, -5.334620103075108e-07, 0.00015036861638746698]",,,,-0.0331919022792,-0.00899305435846,-0.0079456624316,,0.0132812999225,0.0122124700845,-0.0270290197254,"[0.0001718658240766688, 5.4006060226307906e-05, 5.120300056081496e-05, 2.297691874796212e-09, -1.2476899036503766e-08, 1.8064370818678446e-09, 5.4006060226307906e-05, 0.00023544911980270304, 3.9213159156318975e-05, 1.6208653773747503e-08, -2.860819119248982e-09, 3.404724275662479e-09, 5.120300056081496e-05, 3.9213159156318975e-05, 0.00017980551562354078, 7.518182736256596e-10, -3.4427336720691706e-09, -1.2565658809512745e-10, 2.297691874796212e-09, 1.6208653773747503e-08, 7.518182736256596e-10, 3.047688717474772e-09, -9.581246966783386e-12, -9.40260480845373e-12, -1.2476899036503766e-08, -2.860819119248982e-09, -3.4427336720691706e-09, -9.581246966783386e-12, 3.006444857692325e-09, -2.0397735196255017e-12, 1.8064370818678446e-09, 3.404724275662479e-09, -1.2565658809512745e-10, -9.40260480845373e-12, -2.0397735196255017e-12, 3.0770470902457507e-09]"
1402415803898871070,,135750,,1402415803,897476911,/enu,/imu,,,,11.7476253591,17.311124808,-25.6806884552,,0.60223405209,0.798166645029,-0.00933328423063,0.0125316827449,"[0.02518986452908513, -0.004272181513812752, -0.006652243924578267, -4.716364632015798e-07, 3.2177196938117737e-07, -7.434497660819701e-05, -0.004272181513812752, 0.027742328664850418, 0.008573963768894757, -1.1366102481346784e-06, 1.3101667905426368e-06, -8.430402347187275e-05, -0.006652243924578267, 0.008573963768894757, 0.21213020401036276, 3.880178532709283e-06, -3.069809327455798e-06, 2.1947455283447673e-06, -4.716364632015798e-07, -1.1366102481346784e-06, 3.880178532709283e-06, 4.114561753797198e-06, -3.8176897902007697e-07, 1.0582673507368836e-07, 3.2177196938117737e-07, 1.3101667905426368e-06, -3.069809327455798e-06, -3.8176897902007697e-07, 4.238926270433242e-06, -5.349394724713961e-07, -7.434497660819701e-05, -8.430402347187275e-05, 2.1947455283447673e-06, 1.0582673507368836e-07, -5.349394724713961e-07, 0.00015037806438395192]",,,,-0.0334315746131,-0.00826018034288,-0.00763965889265,,0.0162633882748,0.00834679958648,-0.0252618803757,"[0.00017545398307473674, 5.461776005527482e-05, 5.119806428098468e-05, 2.3102006574575415e-09, -1.275753827286351e-08, 1.8012844576017927e-09, 5.461776005527482e-05, 0.00024011050217541828, 3.9328822544394915e-05, 1.653518307836419e-08, -2.893949914181177e-09, 3.4382993817351418e-09, 5.119806428098468e-05, 3.9328822544394915e-05, 0.00018015778977750155, 7.491198822613249e-10, -3.4355119168282815e-09, -1.2565656469338763e-10, 2.3102006574575415e-09, 1.653518307836419e-08, 7.491198822613249e-10, 3.047688676435932e-09, -9.581204842182822e-12, -9.403419116346645e-12, -1.275753827286351e-08, -2.893949914181177e-09, -3.4355119168282815e-09, -9.581204842182822e-12, 3.0064447881116884e-09, -2.039128850584259e-12, 1.8012844576017927e-09, 3.4382993817351418e-09, -1.2565656469338763e-10, -9.403419116346645e-12, -2.039128850584259e-12, 3.0770295517830564e-09]"
1402415803938831244,,135751,,1402415803,907470941,/enu,/imu,,,,11.7476916982,17.3107121275,-25.6805341346,,0.602135176916,0.798242375065,-0.00939077005158,0.0124158289379,"[0.025191961587812825, -0.004270968423893952, -0.006654242991332817, -5.117259984801797e-07, 5.235333092734669e-07, -7.428635173424793e-05, -0.004270968423893952, 0.02774570197977465, 0.008568532833633045, -1.327915697059326e-06, 1.3520588439997374e-06, -8.43139875458796e-05, -0.006654242991332817, 0.008568532833633045, 0.21214761127290518, 3.899328392957644e-06, -3.077037690241963e-06, 2.195555051839216e-06, -5.117259984801797e-07, -1.327915697059326e-06, 3.899328392957644e-06, 4.154482552202383e-06, -3.817642675707179e-07, 1.0604919447781229e-07, 5.235333092734669e-07, 1.3520588439997374e-06, -3.077037690241963e-06, -3.817642675707179e-07, 4.278880389383614e-06, -5.364311339260797e-07, -7.428635173424793e-05, -8.43139875458796e-05, 2.195555051839216e-06, 1.0604919447781229e-07, -5.364311339260797e-07, 0.000150387411439023]",,,,-0.0337269649817,-0.00771343984005,-0.00738186026475,,0.0227798049964,0.0115497858788,-0.0218380251662,"[0.00017911168860570403, 5.523793995722193e-05, 5.118889536092616e-05, 2.3230537498142166e-09, -1.3040750302029897e-08, 1.7962685736881714e-09, 5.523793995722193e-05, 0.00024485251427989053, 3.94387679189048e-05, 1.6864299862016567e-08, -2.927001606949443e-09, 3.471880983082205e-09, 5.118889536092616e-05, 3.94387679189048e-05, 0.00018050735480524822, 7.452783567179182e-10, -3.4284800307945083e-09, -1.2583678701558733e-10, 2.3230537498142166e-09, 1.6864299862016567e-08, 7.452783567179182e-10, 3.047688636062626e-09, -9.581162751437026e-12, -9.404225452605499e-12, -1.3040750302029897e-08, -2.927001606949443e-09, -3.4284800307945083e-09, -9.581162751437026e-12, 3.0064447175224722e-09, -2.0384828930490907e-12, 1.7962685736881714e-09, 3.471880983082205e-09, -1.2583678701558733e-10, -9.404225452605499e-12, -2.0384828930490907e-12, 3.077012011108063e-09]"
1402415803938858971,,135752,,1402415803,917515039,/enu,/imu,,,,11.7475830249,17.3103333338,-25.6804269985,,0.602029008652,0.798323088113,-0.00944641888534,0.0123322705611,"[0.025194001848230157, -0.0042697264696629515, -0.006656202600412614, -5.523925518885978e-07, 7.304939513393102e-07, -7.422781883737939e-05, -0.0042697264696629515, 0.027749126699767007, 0.008563175102138554, -1.524241379845471e-06, 1.3945254288226217e-06, -8.432331532168608e-05, -0.006656202600412614, 0.008563175102138554, 0.2121647683350337, 3.918573479449235e-06, -3.0843054771261792e-06, 2.19629428557548e-06, -5.523925518885978e-07, -1.524241379845471e-06, 3.918573479449235e-06, 4.194803766388836e-06, -3.8175951314210823e-07, 1.0627313122783122e-07, 7.304939513393102e-07, 1.3945254288226217e-06, -3.0843054771261792e-06, -3.8175951314210823e-07, 4.319235506687861e-06, -5.379373160683979e-07, -7.422781883737939e-05, -8.432331532168608e-05, 2.19629428557548e-06, 1.0627313122783122e-07, -5.379373160683979e-07, 0.00015039716792714854]",,,,-0.0340632460545,-0.00729294912989,-0.00721611612287,,0.0184723410435,0.0065796377849,-0.0233843195162,"[0.0001828680913810269, 5.5864970062082066e-05, 5.117958351810828e-05, 2.3355768729550252e-09, -1.332843673218545e-08, 1.7911679845828532e-09, 5.5864970062082066e-05, 0.0002497049215944902, 3.954821152541549e-05, 1.7198080676254418e-08, -2.9604349280989385e-09, 3.505740956544583e-09, 5.117958351810828e-05, 3.954821152541549e-05, 0.00018085875940948278, 7.418816857842251e-10, -3.4208457668447963e-09, -1.2597361149956738e-10, 2.3355768729550252e-09, 1.7198080676254418e-08, 7.418816857842251e-10, 3.0476885963915766e-09, -9.581120672198224e-12, -9.405023826141153e-12, -1.332843673218545e-08, -2.9604349280989385e-09, -3.4208457668447963e-09, -9.581120672198224e-12, 3.006444645876877e-09, -2.0378356301890753e-12, 1.7911679845828532e-09, 3.505740956544583e-09, -1.2597361149956738e-10, -9.405023826141153e-12, -2.0378356301890753e-12, 3.076994468346181e-09]"
1402415803938901690,,135753,,1402415803,927473068,/enu,/imu,,,,11.7474691781,17.3099851524,-25.6802710086,,0.601918777841,0.798406913473,-0.00948887883658,0.012253431309,"[0.02519615924495858, -0.004268487197594106, -0.006658253492405587, -5.930808252886038e-07, 9.398701316964037e-07, -7.417014149517622e-05, -0.004268487197594106, 0.027752566753916998, 0.00855782750200466, -1.7229445553679731e-06, 1.4370114436742087e-06, -8.433169326948457e-05, -0.006658253492405587, 0.00855782750200466, 0.2121820333989518, 3.9376518283008565e-06, -3.0915343463771167e-06, 2.1969769178435304e-06, -5.930808252886038e-07, -1.7229445553679731e-06, 3.9376518283008565e-06, 4.234434582572111e-06, -3.8175463492795526e-07, 1.0649900926492223e-07, 9.398701316964037e-07, 1.4370114436742087e-06, -3.0915343463771167e-06, -3.8175463492795526e-07, 4.358900778022935e-06, -5.394573391704565e-07, -7.417014149517622e-05, -8.433169326948457e-05, 2.1969769178435304e-06, 1.0649900926492223e-07, -5.394573391704565e-07, 0.00015040621379035666]",,,,-0.0343046135474,-0.00671856273892,-0.00698152673654,,0.0159320412816,0.00746322115737,-0.0245992703838,"[0.00018666205115575014, 5.648909571177687e-05, 5.1169299107063774e-05, 2.347597057201411e-09, -1.3616506471005958e-08, 1.78603237174929e-09, 5.648909571177687e-05, 0.0002545983806618828, 3.9657947667072436e-05, 1.7532022526870046e-08, -2.9938279230836016e-09, 3.5395530289183008e-09, 5.1169299107063774e-05, 3.9657947667072436e-05, 0.0001812069798855832, 7.388395097784371e-10, -3.413418253028051e-09, -1.2601300198697576e-10, 2.347597057201411e-09, 1.7532022526870046e-08, 7.388395097784371e-10, 3.047688557390977e-09, -9.581078618077337e-12, -9.405814205173114e-12, -1.3616506471005958e-08, -2.9938279230836016e-09, -3.413418253028051e-09, -9.581078618077337e-12, 3.006444573168409e-09, -2.037187066294541e-12, 1.78603237174929e-09, 3.5395530289183008e-09, -1.2601300198697576e-10, -9.405814205173114e-12, -2.037187066294541e-12, 3.07697692334466e-09]"
1402415803938925992,,135754,,1402415803,937494039,/enu,/imu,,,,11.757916752,17.3222745352,-25.6974194621,,0.601742017556,0.798528338256,-0.0102204761984,0.0124329874111,"[0.025185750359489906, -0.004271323428201243, -0.00665182659368517, -4.550151287501454e-07, 2.0389103147488705e-07, -7.430229777182613e-05, -0.004271323428201243, 0.027743539902137907, 0.008570465046895537, -9.841036621893686e-07, 1.3230788091448477e-06, -8.435640704581194e-05, -0.00665182659368517, 0.008570465046895537, 0.21211994174797308, 3.8914322783607786e-06, -3.100325430502124e-06, 2.2167087787013867e-06, -4.550151287501454e-07, -9.841036621893686e-07, 3.8914322783607786e-06, 4.071733290926037e-06, -3.818448565470004e-07, 1.0832205260748271e-07, 2.0389103147488705e-07, 1.3230788091448477e-06, -3.100325430502124e-06, -3.818448565470004e-07, 4.19500066543378e-06, -5.728049605676627e-07, -7.430229777182613e-05, -8.435640704581194e-05, 2.2167087787013867e-06, 1.0832205260748271e-07, -5.728049605676627e-07, 0.00015041046806945116]",,,,-0.0209909833525,0.00337276779904,-0.00431382012405,,0.018914666874,0.0107757051821,-0.0291277378422,"[0.00017216983684029087, 5.434314348754773e-05, 5.106908061063737e-05, 2.386657467134182e-09, -1.2518417303737795e-08, 2.7912745103201185e-09, 5.434314348754773e-05, 0.00023636281472099967, 3.932564471675879e-05, 1.6139134842656083e-08, -2.8409141481349273e-09, 2.4242899450075925e-09, 5.106908061063737e-05, 3.932564471675879e-05, 0.00017948555186830234, 6.919831961899649e-10, -3.3960910714064246e-09, -1.657021681488397e-10, 2.386657467134182e-09, 1.6139134842656083e-08, 6.919831961899649e-10, 3.047577653013515e-09, -9.580507218447798e-12, -9.385354360393676e-12, -1.2518417303737795e-08, -2.8409141481349273e-09, -3.3960910714064246e-09, -9.580507218447798e-12, 3.006332635643372e-09, -2.033510482704804e-12, 2.7912745103201185e-09, 2.4242899450075925e-09, -1.657021681488397e-10, -9.385354360393676e-12, -2.033510482704804e-12, 3.0769550844384155e-09]"
1402415803978865537,,135755,,1402415803,947469949,/enu,/imu,,,,11.7579200653,17.3221416435,-25.6974221924,,0.601600245792,0.798635435286,-0.0102741639308,0.0123704213305,"[0.025187769014562485, -0.004270117105212559, -0.006653859661419558, -4.947219887553434e-07, 4.011613299003934e-07, -7.424913532083775e-05, -0.004270117105212559, 0.027746900217165575, 0.008565111839895664, -1.171092561241874e-06, 1.3645713893341197e-06, -8.436358533438451e-05, -0.006653859661419558, 0.008565111839895664, 0.21213712718657932, 3.910713732472074e-06, -3.107652518299597e-06, 2.2174869343146645e-06, -4.947219887553434e-07, -1.171092561241874e-06, 3.910713732472074e-06, 4.111510564797116e-06, -3.818403026735145e-07, 1.0854383682416743e-07, 4.011613299003934e-07, 1.3645713893341197e-06, -3.107652518299597e-06, -3.818403026735145e-07, 4.234811415005691e-06, -5.742710351308369e-07, -7.424913532083775e-05, -8.436358533438451e-05, 2.2174869343146645e-06, 1.0854383682416743e-07, -5.742710351308369e-07, 0.00015041968023362873]",,,,-0.021009555039,0.00410767630738,-0.00427039593996,,0.0156012327582,0.00348615410022,-0.0324411960298,"[0.00017574326079944732, 5.495032851621848e-05, 5.105403125578662e-05, 2.3978350366922527e-09, -1.2798184761476999e-08, 2.7858190184060403e-09, 5.495032851621848e-05, 0.0002410214339146224, 3.943077663681831e-05, 1.646523207378225e-08, -2.8749772700175734e-09, 2.4608994570467937e-09, 5.105403125578662e-05, 3.943077663681831e-05, 0.00017983106845886236, 6.88356424498387e-10, -3.38764291822362e-09, -1.6561627489500596e-10, 2.3978350366922527e-09, 1.646523207378225e-08, 6.88356424498387e-10, 3.0475776116387385e-09, -9.580464956555508e-12, -9.38617162027937e-12, -1.2798184761476999e-08, -2.8749772700175734e-09, -3.38764291822362e-09, -9.580464956555508e-12, 3.006332566151739e-09, -2.0328665986426884e-12, 2.7858190184060403e-09, 2.4608994570467937e-09, -1.6561627489500596e-10, -9.38617162027937e-12, -2.0328665986426884e-12, 3.076937552067992e-09]"
1402415803979021028,,135756,,1402415803,957508087,/enu,/imu,,,,11.7580044148,17.3218763438,-25.6973944261,,0.60148505916,0.798722444203,-0.0103284254385,0.0123087108265,"[0.025189815927637953, -0.004268866435671915, -0.0066559147187116845, -5.350535155410986e-07, 6.038070125855101e-07, -7.419681894267408e-05, -0.004268866435671915, 0.0277502696872822, 0.008559727576845925, -1.3632578572029259e-06, 1.4066953702024967e-06, -8.436991824993711e-05, -0.0066559147187116845, 0.008559727576845925, 0.21215431371366497, 3.9301191137230045e-06, -3.115054148615352e-06, 2.2182724160830583e-06, -5.350535155410986e-07, -1.3632578572029259e-06, 3.9301191137230045e-06, 4.151785216109609e-06, -3.818357131255133e-07, 1.0876696384116214e-07, 6.038070125855101e-07, 1.4066953702024967e-06, -3.115054148615352e-06, -3.818357131255133e-07, 4.275120126513021e-06, -5.75751606014792e-07, -7.419681894267408e-05, -8.436991824993711e-05, 2.2182724160830583e-06, 1.0876696384116214e-07, -5.75751606014792e-07, 0.00015042940142931288]",,,,-0.0210278939671,0.00486878212528,-0.00409244669187,,0.0156012315871,0.00326525973255,-0.0258143540805,"[0.00017942309783487733, 5.557076746836413e-05, 5.103924796326939e-05, 2.410003713406036e-09, -1.3082819214872604e-08, 2.78043223048297e-09, 5.557076746836413e-05, 0.0002457894563261614, 3.9531280087894065e-05, 1.6796203485892028e-08, -2.908565403658476e-09, 2.4976003072150964e-09, 5.103924796326939e-05, 3.9531280087894065e-05, 0.00018018077844774677, 6.845730366513356e-10, -3.379029374439126e-09, -1.6554712957033147e-10, 2.410003713406036e-09, 1.6796203485892028e-08, 6.845730366513356e-10, 3.047577570974941e-09, -9.58042271818873e-12, -9.386980923862126e-12, -1.3082819214872604e-08, -2.908565403658476e-09, -3.379029374439126e-09, -9.58042271818873e-12, 3.006332495626791e-09, -2.032221413128837e-12, 2.78043223048297e-09, 2.4976003072150964e-09, -1.6554712957033147e-10, -9.386980923862126e-12, -2.032221413128837e-12, 3.076920017527223e-09]"
1402415803979041647,,135757,,1402415803,967470884,/enu,/imu,,,,11.7581485767,17.3216930474,-25.6972864557,,0.601372007503,0.798807874003,-0.0103816079442,0.0122438245809,"[0.02519193117016533, -0.004267622799302935, -0.00665790739877139, -5.754472791635031e-07, 8.090796938145413e-07, -7.414572213817008e-05, -0.004267622799302935, 0.027753682603624177, 0.008554330732258508, -1.5579987277119237e-06, 1.4488903882449864e-06, -8.437500838306507e-05, -0.00665790739877139, 0.008554330732258508, 0.212171574400647, 3.949389047013794e-06, -3.1224462204529457e-06, 2.2190544397540237e-06, -5.754472791635031e-07, -1.5579987277119237e-06, 3.949389047013794e-06, 4.191455431086166e-06, -3.8183100632755e-07, 1.0899197247923697e-07, 8.090796938145413e-07, 1.4488903882449864e-06, -3.1224462204529457e-06, -3.8183100632755e-07, 4.314824957483555e-06, -5.772460292229712e-07, -7.414572213817008e-05, -8.437500838306507e-05, 2.2190544397540237e-06, 1.0899197247923697e-07, -5.772460292229712e-07, 0.00015043850022551094]",,,,-0.021173596248,0.00586359437748,-0.00376699593742,,0.0159325735999,0.00392794755951,-0.0251516936699,"[0.00018314658096527865, 5.619156610267807e-05, 5.1022162149320054e-05, 2.4219509918372343e-09, -1.3368224258284734e-08, 2.775186945908389e-09, 5.619156610267807e-05, 0.00025060453518933743, 3.9629292482045456e-05, 1.7127695446377964e-08, -2.9420483982100677e-09, 2.5341732558340936e-09, 5.1022162149320054e-05, 3.9629292482045456e-05, 0.00018052558642820847, 6.806353586334175e-10, -3.3704783174816963e-09, -1.65481436530243e-10, 2.4219509918372343e-09, 1.7127695446377964e-08, 6.806353586334175e-10, 3.0475775310231987e-09, -9.580380498263201e-12, -9.387782242405014e-12, -1.3368224258284734e-08, -2.9420483982100677e-09, -3.3704783174816963e-09, -9.580380498263201e-12, 3.006332424059715e-09, -2.0315749264834632e-12, 2.775186945908389e-09, 2.5341732558340936e-09, -1.65481436530243e-10, -9.387782242405014e-12, -2.0315749264834632e-12, 3.076902480743514e-09]"
1402415803979060722,,135758,,1402415803,977472066,/enu,/imu,,,,11.7581983854,17.3215046933,-25.6973106332,,0.601248863204,0.798900621956,-0.010443319079,0.012187609297,"[0.02519408812452314, -0.004266342019093522, -0.006660004016489969, -6.16374983747555e-07, 1.0193253130809458e-06, -7.409551229730019e-05, -0.004266342019093522, 0.027757164154512855, 0.008548887774991284, -1.7575560664139814e-06, 1.491617924570509e-06, -8.437887633134044e-05, -0.006660004016489969, 0.008548887774991284, 0.2121889636428579, 3.968750820681034e-06, -3.1299052987449357e-06, 2.2198424415138564e-06, -6.16374983747555e-07, -1.7575560664139814e-06, 3.968750820681034e-06, 4.231431202636921e-06, -3.8182625092529416e-07, 1.0921839932552199e-07, 1.0193253130809458e-06, 1.491617924570509e-06, -3.1299052987449357e-06, -3.8182625092529416e-07, 4.3548359320640455e-06, -5.787547659205515e-07, -7.409551229730019e-05, -8.437887633134044e-05, 2.2198424415138564e-06, 1.0921839932552199e-07, -5.787547659205515e-07, 0.00015044791122814663]",,,,-0.0212278172496,0.00672195451314,-0.00369959177187,,0.0161534679435,0.00149809799964,-0.0278024642773,"[0.0001869607760405777, 5.681910667462867e-05, 5.100144651005226e-05, 2.433350995873736e-09, -1.3657638902969523e-08, 2.7697830492771087e-09, 5.681910667462867e-05, 0.00025552902081768606, 3.972560639929889e-05, 1.7463510917114305e-08, -2.9761690190744397e-09, 2.5710321357946774e-09, 5.100144651005226e-05, 3.972560639929889e-05, 0.00018087047110196833, 6.76449552049664e-10, -3.361477114564127e-09, -1.6549893752137147e-10, 2.433350995873736e-09, 1.7463510917114305e-08, 6.76449552049664e-10, 3.04757749170236e-09, -9.58033829568329e-12, -9.38857563430304e-12, -1.3657638902969523e-08, -2.9761690190744397e-09, -3.361477114564127e-09, -9.58033829568329e-12, 3.0063323514384967e-09, -2.0309271359096512e-12, 2.7697830492771087e-09, 2.5710321357946774e-09, -1.6549893752137147e-10, -9.38857563430304e-12, -2.0309271359096512e-12, 3.0768849418237214e-09]"
1402415804018859304,,135759,,1402415803,987472057,/enu,/imu,,,,11.7635190558,17.3163908678,-25.6775531828,,0.601085451628,0.799024884724,-0.0106020525759,0.0119628555714,"[0.025183591801151737, -0.004269262448655356, -0.006653449257508045, -4.805548603637812e-07, 2.711649334305768e-07, -7.419563721385707e-05, -0.004269262448655356, 0.027748117791321532, 0.00856169843465578, -1.0166089850839577e-06, 1.3648175059819796e-06, -8.444595881967972e-05, -0.006653449257508045, 0.00856169843465578, 0.21212655002558892, 3.9050387923591276e-06, -3.121498418716602e-06, 2.2448888688463017e-06, -4.805548603637812e-07, -1.0166089850839577e-06, 3.9050387923591276e-06, 4.0682676450849124e-06, -3.8199908027503107e-07, 1.228443818407483e-07, 2.711649334305768e-07, 1.3648175059819796e-06, -3.121498418716602e-06, -3.8199908027503107e-07, 4.190386241525036e-06, -6.011007261915832e-07, -7.419563721385707e-05, -8.444595881967972e-05, 2.2448888688463017e-06, 1.228443818407483e-07, -6.011007261915832e-07, 0.00015045396893528177]",,,,-0.024000771844,0.0106778771023,-0.00823666685389,,0.0154910559622,-0.00325100640355,-0.030674175666,"[0.00017202268104614702, 5.457424536400294e-05, 5.120854259414616e-05, 2.4140836546500284e-09, -1.2511281208118755e-08, 3.1777857682192688e-09, 5.457424536400294e-05, 0.00023685145061651486, 3.966906176884937e-05, 1.6201000036523542e-08, -2.8733494389652973e-09, 3.1468393553820036e-09, 5.120854259414616e-05, 3.966906176884937e-05, 0.00017935574007643394, 6.653950605997578e-10, -3.4117229875818274e-09, -1.8346405747625313e-10, 2.4140836546500284e-09, 1.6201000036523542e-08, 6.653950605997578e-10, 3.047465597679105e-09, -9.58036273087949e-12, -9.372198890761866e-12, -1.2511281208118755e-08, -2.8733494389652973e-09, -3.4117229875818274e-09, -9.58036273087949e-12, 3.006220620810338e-09, -2.0349185821312294e-12, 3.1777857682192688e-09, 3.1468393553820036e-09, -1.8346405747625313e-10, -9.372198890761866e-12, -2.0349185821312294e-12, 3.07686443194136e-09]"
1402415804018883059,,135760,,1402415803,998471021,/enu,/imu,,,,11.7635896969,17.316260164,-25.6775781088,,0.600953216114,0.799123660158,-0.0106810691035,0.0119382821026,"[0.02518580562856817, -0.0042679006625680836, -0.006655699810554212, -5.243951540760476e-07, 4.887396521976133e-07, -7.414639238938921e-05, -0.0042679006625680836, 0.027751832231710714, 0.00855574869967228, -1.2229408998403535e-06, 1.4105494131736236e-06, -8.445111922170074e-05, -0.006655699810554212, 0.00855574869967228, 0.2121455022308134, 3.926505579077762e-06, -3.1297667565689145e-06, 2.2456240885364555e-06, -5.243951540760476e-07, -1.2229408998403535e-06, 3.926505579077762e-06, 4.11663471934483e-06, -3.819953236539886e-07, 1.2306056425628096e-07, 4.887396521976133e-07, 1.4105494131736236e-06, -3.1297667565689145e-06, -3.819953236539886e-07, 4.238787572771745e-06, -6.025652459338476e-07, -7.414639238938921e-05, -8.445111922170074e-05, 2.2456240885364555e-06, 1.2306056425628096e-07, -6.025652459338476e-07, 0.000150471992669211]",,,,-0.0240290947938,0.0115767533292,-0.0081220755142,,0.0137238905598,-0.00512861717947,-0.0272503192734,"[0.00017601682630297358, 5.524992136040155e-05, 5.119812274156938e-05, 2.4273620879403995e-09, -1.2820019805961267e-08, 3.1722446190376975e-09, 5.524992136040155e-05, 0.00024202357659590664, 3.977145513183517e-05, 1.6560394991571077e-08, -2.9101835709614506e-09, 3.1889921470821978e-09, 5.119812274156938e-05, 3.977145513183517e-05, 0.00017976867348475952, 6.608241004000879e-10, -3.401401770477081e-09, -1.8380737153981266e-10, 2.4273620879403995e-09, 1.6560394991571077e-08, 6.608241004000879e-10, 3.0474655560248724e-09, -9.58032025150892e-12, -9.373018629287517e-12, -1.2820019805961267e-08, -2.9101835709614506e-09, -3.401401770477081e-09, -9.58032025150892e-12, 3.0062205512869836e-09, -2.0342735496970217e-12, 3.1722446190376975e-09, 3.1889921470821978e-09, -1.8380737153981266e-10, -9.373018629287517e-12, -2.0342735496970217e-12, 3.076846901257829e-09]"
1402415804018952252,,135761,,1402415804,8475065,/enu,/imu,,,,11.7640211247,17.3160441762,-25.6775493635,,0.600845161274,0.799204677844,-0.0107304450295,0.0119093507237,"[0.0251879581351536, -0.004266614538711206, -0.006657823183906585, -5.646656001530797e-07, 6.910420883477318e-07, -7.410118403010527e-05, -0.004266614538711206, 0.027755207391539524, 0.008550390352574197, -1.4148151019999788e-06, 1.4526109367475404e-06, -8.445314881000733e-05, -0.006657823183906585, 0.008550390352574197, 0.21216276598087888, 3.946018236788647e-06, -3.137317663043821e-06, 2.246365754189303e-06, -5.646656001530797e-07, -1.4148151019999788e-06, 3.946018236788647e-06, 4.15663570488494e-06, -3.819908916594171e-07, 1.2328209351654817e-07, 6.910420883477318e-07, 1.4526109367475404e-06, -3.137317663043821e-06, -3.819908916594171e-07, 4.27882320186596e-06, -6.040409901363716e-07, -7.410118403010527e-05, -8.445314881000733e-05, 2.246365754189303e-06, 1.2328209351654817e-07, -6.040409901363716e-07, 0.00015048143217102124]",,,,-0.0241566358513,0.0123640688744,-0.00821954119537,,0.0109626952527,-0.00137339204742,-0.0237160164557,"[0.00017969073146524263, 5.586873867293763e-05, 5.1188389381623555e-05, 2.439729555764525e-09, -1.310396896712397e-08, 3.167371244297509e-09, 5.586873867293763e-05, 0.0002467757118490991, 3.9865107661850665e-05, 1.6890503667014503e-08, -2.9433919167516336e-09, 3.2278364529570474e-09, 5.1188389381623555e-05, 3.9865107661850665e-05, 0.00018011449382152584, 6.57090219078096e-10, -3.3924491776637668e-09, -1.8390191153890298e-10, 2.439729555764525e-09, 1.6890503667014503e-08, 6.57090219078096e-10, 3.0474655151489686e-09, -9.580277800164775e-12, -9.373829661854217e-12, -1.310396896712397e-08, -2.9433919167516336e-09, -3.3924491776637668e-09, -9.580277800164775e-12, 3.006220480613721e-09, -2.0336270453460052e-12, 3.167371244297509e-09, 3.2278364529570474e-09, -1.8390191153890298e-10, -9.373829661854217e-12, -2.0336270453460052e-12, 3.0768293673893802e-09]"
1402415804019504098,,135762,,1402415804,18474102,/enu,/imu,,,,11.7639872176,17.315888298,-25.6775413028,,0.600705177891,0.79930918656,-0.0108094220133,0.0118857027919,"[0.0251900338617286, -0.004265363256701049, -0.0066599030913139096, -6.052902888971007e-07, 8.974082758430283e-07, -7.405692807721427e-05, -0.004265363256701049, 0.027758687979766907, 0.00854487266525742, -1.6106423812427166e-06, 1.4950218783952548e-06, -8.445413884579908e-05, -0.0066599030913139096, 0.00854487266525742, 0.21218016435508377, 3.9655405575885024e-06, -3.144885874448758e-06, 2.2472064388613653e-06, -6.052902888971007e-07, -1.6106423812427166e-06, 3.9655405575885024e-06, 4.19659539152234e-06, -3.819863856839851e-07, 1.2350517494598126e-07, 8.974082758430283e-07, 1.4950218783952548e-06, -3.144885874448758e-06, -3.819863856839851e-07, 4.31881810985277e-06, -6.055308377849388e-07, -7.405692807721427e-05, -8.445413884579908e-05, 2.2472064388613653e-06, 1.2350517494598126e-07, -6.055308377849388e-07, 0.00015049082758337998]",,,,-0.0241653929846,0.0131529177897,-0.00802541911394,,0.0149388134547,-0.00579130129764,-0.0317787281737,"[0.00018343276438746205, 5.6490551232416154e-05, 5.11704830599089e-05, 2.4505646399574567e-09, -1.3390602427820704e-08, 3.1622107871445493e-09, 5.6490551232416154e-05, 0.00025162346185750355, 3.995601402604212e-05, 1.722367364684332e-08, -2.977956436662086e-09, 3.267021211778232e-09, 5.11704830599089e-05, 3.995601402604212e-05, 0.00018045230371346307, 6.524591026729257e-10, -3.3826839449619198e-09, -1.8427404407669857e-10, 2.4505646399574567e-09, 1.722367364684332e-08, 6.524591026729257e-10, 3.0474654749616373e-09, -9.580235364016381e-12, -9.374632730373097e-12, -1.3390602427820704e-08, -2.977956436662086e-09, -3.3826839449619198e-09, -9.580235364016381e-12, 3.0062204088973256e-09, -2.0329792268854137e-12, 3.1622107871445493e-09, 3.267021211778232e-09, -1.8427404407669857e-10, -9.374632730373097e-12, -2.0329792268854137e-12, 3.076811831317627e-09]"
1402415804029751581,,135763,,1402415804,28471946,/enu,/imu,,,,11.7642530304,17.3154843588,-25.6771273685,,0.600556747049,0.799420053231,-0.0108741250898,0.0118712033806,"[0.025192228064522756, -0.004264113919318982, -0.006661996521796142, -6.462970854803448e-07, 1.1079803188811288e-06, -7.401385574374275e-05, -0.004264113919318982, 0.027762167581963034, 0.008539412663880384, -1.8105224340525124e-06, 1.5378102587870123e-06, -8.4454127985038e-05, -0.006661996521796142, 0.008539412663880384, 0.2121976221175906, 3.985065277144171e-06, -3.152495502779859e-06, 2.24797006813924e-06, -6.462970854803448e-07, -1.8105224340525124e-06, 3.985065277144171e-06, 4.236544306475429e-06, -3.81981808734364e-07, 1.237297954171078e-07, 1.1079803188811288e-06, 1.5378102587870123e-06, -3.152495502779859e-06, -3.81981808734364e-07, 4.358802829755405e-06, -6.070347862485376e-07, -7.401385574374275e-05, -8.4454127985038e-05, 2.24797006813924e-06, 1.237297954171078e-07, -6.070347862485376e-07, 0.00015050021030073405]",,,,-0.0241821251858,0.0139915365752,-0.00808677855629,,0.0115149311354,-0.00557040399999,-0.0325518970348,"[0.0001872469141460845, 5.711379952951905e-05, 5.115072618982594e-05, 2.460832854198071e-09, -1.3680041743176132e-08, 3.1572916061759026e-09, 5.711379952951905e-05, 0.00025655713595601086, 4.004869664009612e-05, 1.7559841963804144e-08, -3.0129027122743336e-09, 3.3065216019206174e-09, 5.115072618982594e-05, 4.004869664009612e-05, 0.00018079304174568878, 6.48286292253196e-10, -3.3729233071213602e-09, -1.8454800306474737e-10, 2.460832854198071e-09, 1.7559841963804144e-08, 6.48286292253196e-10, 3.0474654354635992e-09, -9.580192943216483e-12, -9.37542784637405e-12, -1.3680041743176132e-08, -3.0129027122743336e-09, -3.3729233071213602e-09, -9.580192943216483e-12, 3.006220336125714e-09, -2.032330099388566e-12, 3.1572916061759026e-09, 3.3065216019206174e-09, -1.8454800306474737e-10, -9.37542784637405e-12, -2.032330099388566e-12, 3.0767942930079442e-09]"
