rosbagTimestamp,header,seq,stamp,secs,nsecs,frame_id,child_frame_id,pose,pose,position,x,y,z,orientation,x,y,z,w,covariance,twist,twist,linear,x,y,z,angular,x,y,z,covariance
1402415803859176274,,181917,,1402415803,827495098,/enu,/base_link,,,,11.7633821537,17.1773528544,-25.544645213,,0.0134637168607,-0.00886667267201,-0.797480893338,-0.603128788241,"[0.025184635605244633, -0.004284738626736373, -0.006654816163675523, -5.640127754384271e-07, 1.1509863375673308e-06, -5.60597520480938e-05, -0.004284738626736373, 0.027738133005707186, 0.008575471401028979, -2.063132394406274e-06, 1.3217185766809023e-06, -7.905131856617344e-05, -0.006654816163675523, 0.008575471401028979, 0.2121678218954584, 3.315343207686231e-06, -3.0662661968165444e-06, 2.1684516988385452e-06, -5.640127754384271e-07, -2.063132394406274e-06, 3.315343207686231e-06, 4.238041890887689e-06, -3.814877114105411e-07, 1.0417509427468849e-07, 1.1509863375673308e-06, 1.3217185766809023e-06, -3.0662661968165444e-06, -3.814877114105411e-07, 4.364739435110839e-06, -4.4561355449953075e-07, -5.60597520480938e-05, -7.905131856617344e-05, 2.1684516988385452e-06, 1.0417509427468849e-07, -4.4561355449953075e-07, 0.00015032857373514978]",,,,-0.0389654428681,0.0165781074013,0.0103389218377,,0.0155999836096,-0.0225948083659,0.027580964225,"[0.00018627277202510015, -5.577644944079758e-05, -5.093469063129072e-05, 2.247631672428191e-09, 1.3858168834182137e-08, -6.475233392812469e-10, -5.577644944079758e-05, 0.00025250961688709825, 3.8926357726767594e-05, -1.772659078290455e-08, -2.9480009919860998e-09, 2.649507773076229e-09, -5.093469063129072e-05, 3.8926357726767594e-05, 0.00018145263924466723, -8.001307877163218e-10, -3.0053263868053592e-09, -7.889203971490365e-11, 2.247631672428191e-09, -1.772659078290455e-08, -8.001307877163218e-10, 3.0479078100819823e-09, 9.582439587291104e-12, 9.447639166453245e-12, 1.3858168834182137e-08, -2.9480009919860998e-09, -3.0053263868053592e-09, 9.582439587291104e-12, 3.0066678383376476e-09, -2.053398141877494e-12, -6.475233392812469e-10, 2.649507773076229e-09, -7.889203971490365e-11, 9.447639166453245e-12, -2.053398141877494e-12, 3.0771644894463052e-09]"
1402415803859255430,,181918,,1402415803,837497949,/enu,/base_link,,,,11.7640050138,17.186312079,-25.5917763586,,0.0138481161786,-0.00803013245258,-0.797469416643,-0.603146977254,"[0.025174141355017755, -0.004287452339602439, -0.0066486215056387405, -4.3295984285360893e-07, 4.1225258875454263e-07, -5.6213034183917075e-05, -0.004287452339602439, 0.02772914572527503, 0.008587817277171868, -1.3263450765848817e-06, 1.2273929114167185e-06, -7.910034837330825e-05, -0.0066486215056387405, 0.008587817277171868, 0.2121056328702098, 3.3277806842719064e-06, -3.1049087771484972e-06, 2.179758193083727e-06, -4.3295984285360893e-07, -1.3263450765848817e-06, 3.3277806842719064e-06, 4.076743483193382e-06, -3.8169087706336175e-07, 1.0408240887953288e-07, 4.1225258875454263e-07, 1.2273929114167185e-06, -3.1049087771484972e-06, -3.8169087706336175e-07, 4.202182593215866e-06, -4.890060360859897e-07, -5.6213034183917075e-05, -7.910034837330825e-05, 2.179758193083727e-06, 1.0408240887953288e-07, -4.890060360859897e-07, 0.00015032897584208024]",,,,-0.039753424378,0.035715017304,0.00113783920588,,0.00941350553373,-0.0224845299389,0.0303418613963,"[0.00017198852937076343, -5.361108505847495e-05, -5.1383557411587854e-05, 2.0027731047696486e-09, 1.2681914750456947e-08, 1.4807085212574334e-09, -5.361108505847495e-05, 0.0002345705879227625, 3.949981636825582e-05, -1.6520257373571908e-08, -2.840130379841234e-09, 3.150331562561055e-09, -5.1383557411587854e-05, 3.949981636825582e-05, 0.00018018655009870957, -9.090046792043837e-10, -3.0721312894393936e-09, -1.5541402408275174e-12, 2.0027731047696486e-09, -1.6520257373571908e-08, -9.090046792043837e-10, 3.0477987395084793e-09, 9.581934978953691e-12, 9.422306426379706e-12, 1.2681914750456947e-08, -2.840130379841234e-09, -3.0721312894393936e-09, 9.581934978953691e-12, 3.0065565774274634e-09, -2.0473499901500437e-12, 1.4807085212574334e-09, 3.150331562561055e-09, -1.5541402408275174e-12, 9.422306426379706e-12, -2.0473499901500437e-12, 3.077140263143643e-09]"
1402415803859344626,,181919,,1402415803,847501039,/enu,/base_link,,,,11.7637580073,17.1859730871,-25.5919735556,,0.0137306438718,-0.00800921306298,-0.797556669056,-0.603034560842,"[0.02517618936566646, -0.00428626049928632, -0.0066506049749662805, -4.7258698089943446e-07, 6.138798135445671e-07, -5.6146142875987985e-05, -0.00428626049928632, 0.02773247141563902, 0.008582489334394584, -1.5177594422060492e-06, 1.2687580198901161e-06, -7.910476634600391e-05, -0.0066506049749662805, 0.008582489334394584, 0.21212290816092702, 3.341887936535912e-06, -3.1135731088497375e-06, 2.180653409298472e-06, -4.7258698089943446e-07, -1.5177594422060492e-06, 3.341887936535912e-06, 4.116737868195447e-06, -3.8168614696074603e-07, 1.042997639937074e-07, 6.138798135445671e-07, 1.2687580198901161e-06, -3.1135731088497375e-06, -3.8168614696074603e-07, 4.242208898139822e-06, -4.904949176232716e-07, -5.6146142875987985e-05, -7.910476634600391e-05, 2.180653409298472e-06, 1.042997639937074e-07, -4.904949176232716e-07, 0.00015033838514899535]",,,,-0.0399741183671,0.0361885442097,0.00101831335663,,0.0104075341899,-0.0212696057178,0.0252612888537,"[0.0001755671867140949, -5.421386269856254e-05, -5.13833036029965e-05, 2.0155425132420985e-09, 1.2962211209020102e-08, 1.48536133103928e-09, -5.421386269856254e-05, 0.00023922330561412103, 3.965280405088982e-05, -1.6846345929464313e-08, -2.872732279783562e-09, 3.179947805218279e-09, -5.13833036029965e-05, 3.965280405088982e-05, 0.00018055735104499293, -9.096263583010114e-10, -3.066823787243674e-09, -1.754959165849093e-12, 2.0155425132420985e-09, -1.6846345929464313e-08, -9.096263583010114e-10, 3.0477986987947025e-09, 9.58189298174736e-12, 9.423117570784218e-12, 1.2962211209020102e-08, -2.872732279783562e-09, -3.066823787243674e-09, 9.58189298174736e-12, 3.006556507826584e-09, -2.0467042357757886e-12, 1.48536133103928e-09, 3.179947805218279e-09, -1.754959165849093e-12, 9.423117570784218e-12, -2.0467042357757886e-12, 3.0771227159278642e-09]"
1402415803859377651,,181920,,1402415803,857497930,/enu,/base_link,,,,11.7636025817,17.1854442952,-25.5918569519,,0.0136020740871,-0.00801865237905,-0.797643651303,-0.602922292116,"[0.025178250450417713, -0.004285056621054266, -0.006652543347224729, -5.125685429028746e-07, 8.195329100486779e-07, -5.6079939498952074e-05, -0.004285056621054266, 0.027735852317342227, 0.008577217616916282, -1.7130461526190435e-06, 1.3104659325062124e-06, -7.910813450596129e-05, -0.006652543347224729, 0.008577217616916282, 0.21214005788436607, 3.3559773519271684e-06, -3.122247964757165e-06, 2.1813300921702224e-06, -5.125685429028746e-07, -1.7130461526190435e-06, 3.3559773519271684e-06, 4.156681434583733e-06, -3.816813389859544e-07, 1.045187584657667e-07, 8.195329100486779e-07, 1.3104659325062124e-06, -3.122247964757165e-06, -3.816813389859544e-07, 4.28218493770094e-06, -4.919981539184281e-07, -5.6079939498952074e-05, -7.910813450596129e-05, 2.1813300921702224e-06, 1.045187584657667e-07, -4.919981539184281e-07, 0.0001503477405656445]",,,,-0.039989370033,0.0354775055665,0.00106762184133,,0.0165926076197,-0.0193919949549,0.0251508668482,"[0.00017921922342903975, -5.4825073595529076e-05, -5.137865958202487e-05, 2.0281332515524095e-09, 1.3245317466554478e-08, 1.4899923306838893e-09, -5.4825073595529076e-05, 0.0002439631487455111, 3.9800440504002766e-05, -1.7175293855685684e-08, -2.9057089396855842e-09, 3.209648610709987e-09, -5.137865958202487e-05, 3.9800440504002766e-05, 0.0001809208604442708, -9.091089722400391e-10, -3.0611242522297534e-09, -2.159252418809837e-12, 2.0281332515524095e-09, -1.7175293855685684e-08, -9.091089722400391e-10, 3.047798658769457e-09, 9.581851073381247e-12, 9.423920759474084e-12, 1.3245317466554478e-08, -2.9057089396855842e-09, -3.0611242522297534e-09, 9.581851073381247e-12, 3.006556437119055e-09, -2.046057142537094e-12, 1.4899923306838893e-09, 3.209648610709987e-09, -2.159252418809837e-12, 9.423920759474084e-12, -2.046057142537094e-12, 3.077105166755036e-09]"
1402415803899408636,,181921,,1402415803,867496013,/enu,/base_link,,,,11.7631269354,17.1846730634,-25.5914774337,,0.013471536826,-0.00799953500125,-0.797727725363,-0.602814234505,"[0.025180441097904772, -0.004283760219847449, -0.006654668296410693, -5.529204878846756e-07, 1.0293320542372908e-06, -5.601339244510706e-05, -0.004283760219847449, 0.027739404970439526, 0.00857171186136567, -1.912377186680164e-06, 1.3525619344432512e-06, -7.911212442345344e-05, -0.006654668296410693, 0.00857171186136567, 0.21215765999226524, 3.3700438438554087e-06, -3.130919485686467e-06, 2.182220679611934e-06, -5.529204878846756e-07, -1.912377186680164e-06, 3.3700438438554087e-06, 4.1966333377650155e-06, -3.816764587069587e-07, 1.0473936742026226e-07, 1.0293320542372908e-06, 1.3525619344432512e-06, -3.130919485686467e-06, -3.816764587069587e-07, 4.32216987448257e-06, -4.935157641184578e-07, -5.601339244510706e-05, -7.911212442345344e-05, 2.182220679611934e-06, 1.0473936742026226e-07, -4.935157641184578e-07, 0.0001503571028767674]",,,,-0.0406508634005,0.0359949769039,0.00045418281787,,0.0122851436713,-0.023147220053,0.0240464150181,"[0.0001829438072340206, -5.543828286632059e-05, -5.1375721047303254e-05, 2.04069651913574e-09, 1.3531275281303505e-08, 1.4946145272058521e-09, -5.543828286632059e-05, 0.00024878497997734455, 3.995157204347082e-05, -1.7507219693171017e-08, -2.9385701663249977e-09, 3.2394783296441517e-09, -5.1375721047303254e-05, 3.995157204347082e-05, 0.0001812917317905531, -9.0931246663348e-10, -3.056064352986147e-09, -2.472811328661616e-12, 2.04069651913574e-09, -1.7507219693171017e-08, -9.0931246663348e-10, 3.047798619477394e-09, 9.581809122405473e-12, 9.424715978024254e-12, 1.3531275281303505e-08, -2.9385701663249977e-09, -3.056064352986147e-09, 9.581809122405473e-12, 3.0065563654074045e-09, -2.04540875444205e-12, 1.4946145272058521e-09, 3.2394783296441517e-09, -2.472811328661616e-12, 9.424715978024254e-12, -2.04540875444205e-12, 3.077087615387636e-09]"
1402415803899434125,,181922,,1402415803,877496957,/enu,/base_link,,,,11.7630285139,17.1844187512,-25.5919022335,,0.0133765153892,-0.00796598922822,-0.797820335696,-0.602694220813,"[0.025182545112771508, -0.004282606783289698, -0.006656537581095558, -5.936545311363123e-07, 1.2434265315579502e-06, -5.594752009675746e-05, -0.004282606783289698, 0.02774276518884303, 0.008566502536095503, -2.1158695555770257e-06, 1.395055855991012e-06, -7.911641065657132e-05, -0.006656537581095558, 0.008566502536095503, 0.21217475572487188, 3.3841193643180294e-06, -3.1395964127717077e-06, 2.1829974961169358e-06, -5.936545311363123e-07, -2.1158695555770257e-06, 3.3841193643180294e-06, 4.236606923461224e-06, -3.8167150724859005e-07, 1.0496152769687738e-07, 1.2434265315579502e-06, 1.395055855991012e-06, -3.1395964127717077e-06, -3.8167150724859005e-07, 4.362177060428532e-06, -4.950477875155642e-07, -5.594752009675746e-05, -7.911641065657132e-05, 2.1829974961169358e-06, 1.0496152769687738e-07, -4.950477875155642e-07, 0.00015036648580997024]",,,,-0.0406233093117,0.0360197848993,0.000857977951866,,0.00565827654902,-0.0191711022235,0.0265867414761,"[0.00018674594504107056, -5.605285210972352e-05, -5.1374353317974385e-05, 2.0526229697237474e-09, 1.382028210855839e-08, 1.4993709749533198e-09, -5.605285210972352e-05, 0.00025369295644572933, 4.01062379838868e-05, -1.7842260541297522e-08, -2.9717738814931424e-09, 3.2696190190327003e-09, -5.1374353317974385e-05, 4.01062379838868e-05, 0.00018166410133817461, -9.105237748646392e-10, -3.050720847196594e-09, -2.4913208761878605e-12, 2.0526229697237474e-09, -1.7842260541297522e-08, -9.105237748646392e-10, 3.047798580823537e-09, 9.581767182263593e-12, 9.425503207173122e-12, 1.382028210855839e-08, -2.9717738814931424e-09, -3.050720847196594e-09, 9.581767182263593e-12, 3.0065562925894424e-09, -2.0447590883563865e-12, 1.4993709749533198e-09, 3.2696190190327003e-09, -2.4913208761878605e-12, 9.425503207173122e-12, -2.0447590883563865e-12, 3.0770700618388207e-09]"
1402415803899493555,,181923,,1402415803,887470960,/enu,/base_link,,,,11.7824039246,17.1895138063,-25.5766852746,,0.0126153979636,-0.00929190214844,-0.798080628113,-0.602346929369,"[0.025172041210104412, -0.0042854332744330665, -0.0066502857023288476, -4.5871796284014047e-07, 4.956293338920529e-07, -5.612176384665165e-05, -0.0042854332744330665, 0.02773356608044569, 0.008579077789206357, -1.3692517639845271e-06, 1.2897949319885066e-06, -7.908177251878817e-05, -0.0066502857023288476, 0.008579077789206357, 0.21211239504322268, 3.377350932152797e-06, -3.1618814054506634e-06, 2.1997358582219613e-06, -4.5871796284014047e-07, -1.3692517639845271e-06, 3.377350932152797e-06, 4.07454432593439e-06, -3.81773609883589e-07, 1.0560593457881673e-07, 4.956293338920529e-07, 1.2897949319885066e-06, -3.1618814054506634e-06, -3.81773609883589e-07, 4.198876081744787e-06, -5.334620104063487e-07, -5.612176384665165e-05, -7.908177251878817e-05, 2.1997358582219613e-06, 1.0560593457881673e-07, -5.334620104063487e-07, 0.00015036861638706523]",,,,-0.034413149287,0.00415115180168,0.00635804132053,,0.0132812999225,-0.0122124700845,0.0270290197254,"[0.00017186834952093969, -5.40063413098708e-05, -5.120168375352679e-05, 2.2986500009129743e-09, 1.2777543522045765e-08, -1.8066410623416981e-09, -5.40063413098708e-05, 0.00023545155902859581, 3.921287867693438e-05, -1.6514644984582163e-08, -2.8615120697841393e-09, 3.003767899080991e-09, -5.120168375352679e-05, 3.921287867693438e-05, 0.0001798046713217051, -7.505727106145879e-10, -3.0518958402316137e-09, -1.2592176113247302e-10, 2.2986500009129743e-09, -1.6514644984582163e-08, -7.505727106145879e-10, 3.047688717496399e-09, 9.581246977037692e-12, 9.40260479468918e-12, 1.2777543522045765e-08, -2.8615120697841393e-09, -3.0518958402316137e-09, 9.581246977037692e-12, 3.0064448577183827e-09, -2.0397735255412313e-12, -1.8066410623416981e-09, 3.003767899080991e-09, -1.2592176113247302e-10, 9.40260479468918e-12, -2.0397735255412313e-12, 3.0770470902399625e-09]"
1402415803939015772,,181924,,1402415803,897476911,/enu,/base_link,,,,11.7824072355,17.1891862935,-25.5766756565,,0.012531682745,-0.00933328423085,-0.798166645016,-0.602234052106,"[0.025174067657947472, -0.0042842242455569295, -0.006652259055015329, -4.98440128010481e-07, 6.974415076451327e-07, -5.606232822277661e-05, -0.0042842242455569295, 0.02773692603394777, 0.008573780555706702, -1.560897846721197e-06, 1.3312681816250925e-06, -7.908419950607428e-05, -0.006652259055015329, 0.008573780555706702, 0.21212953429412534, 3.3916960239441636e-06, -3.1707024897255587e-06, 2.2004477879991338e-06, -4.98440128010481e-07, -1.560897846721197e-06, 3.3916960239441636e-06, 4.114561753779449e-06, -3.81768979019626e-07, 1.0582673502273357e-07, 6.974415076451327e-07, 1.3312681816250925e-06, -3.1707024897255587e-06, -3.81768979019626e-07, 4.238926270453069e-06, -5.349394723945801e-07, -5.606232822277661e-05, -7.908419950607428e-05, 2.2004477879991338e-06, 1.0582673502273357e-07, -5.349394723945801e-07, 0.00015037806438337095]",,,,-0.0342662545709,0.00334979706635,0.00655457494612,,0.0162633882748,-0.00834679958648,0.0252618803757,"[0.00017545656464683062, -5.4618046372661195e-05, -5.1196710268422774e-05, 2.311158773164012e-09, 1.3058182750273485e-08, -1.8014883771709387e-09, -5.4618046372661195e-05, 0.00024011299797736937, 3.9328537488154163e-05, -1.6841174390704298e-08, -2.8946429489722603e-09, 3.037345198284611e-09, -5.1196710268422774e-05, 3.9328537488154163e-05, 0.00018015694735332117, -7.478743300282309e-10, -3.0446740914473095e-09, -1.2592164880658716e-10, 2.311158773164012e-09, -1.6841174390704298e-08, -7.478743300282309e-10, 3.0476886764082806e-09, 9.581204835896902e-12, 9.403419091453655e-12, 1.3058182750273485e-08, -2.8946429489722603e-09, -3.0446740914473095e-09, 9.581204835896902e-12, 3.0064447880941224e-09, -2.039128838598903e-12, -1.8014883771709387e-09, 3.037345198284611e-09, -1.2592164880658716e-10, 9.403419091453655e-12, -2.039128838598903e-12, 3.077029551760642e-09]"
1402415803939042771,,181925,,1402415803,907470941,/enu,/base_link,,,,11.7825303269,17.1887773021,-25.576536015,,0.0124158289379,-0.00939077005151,-0.798242375068,-0.602135176912,"[0.025176221906655215, -0.004283004688089792, -0.006654261060523649, -5.384968334116079e-07, 9.031158818121239e-07, -5.600326517996207e-05, -0.004283004688089792, 0.02774032986428391, 0.008568370126034067, -1.7562808592278128e-06, 1.373071809174577e-06, -7.908532446815877e-05, -0.006654261060523649, 0.008568370126034067, 0.21214693841687007, 3.4060144469282437e-06, -3.1795654775597965e-06, 2.2013128854064933e-06, -5.384968334116079e-07, -1.7562808592278128e-06, 3.4060144469282437e-06, 4.154482552205792e-06, -3.8176426756949325e-07, 1.0604919459527952e-07, 9.031158818121239e-07, 1.373071809174577e-06, -3.1795654775597965e-06, -3.8176426756949325e-07, 4.2788803893765245e-06, -5.364311340312015e-07, -5.600326517996207e-05, -7.908532446815877e-05, 2.2013128854064933e-06, 1.0604919459527952e-07, -5.364311340312015e-07, 0.00015038741143790527]",,,,-0.0348819435678,0.00259651606898,0.00588038810061,,0.0227798049964,-0.0115497858788,0.0218380251662,"[0.00017911432682021607, -5.52382315171497e-05, -5.118750382760309e-05, 2.3240118723200633e-09, 1.3341394774188426e-08, -1.7964724244753159e-09, -5.52382315171497e-05, 0.00024485506717370907, 3.943847820521262e-05, -1.7170291274175355e-08, -2.9276947214517576e-09, 3.0709289951236317e-09, -5.118750382760309e-05, 3.943847820521262e-05, 0.00018050651420935658, -7.440328062392405e-10, -3.0376422154606936e-09, -1.261017962591484e-10, 2.3240118723200633e-09, -1.7170291274175355e-08, -7.440328062392405e-10, 3.0476886360492154e-09, 9.581162738505574e-12, 9.404225449484372e-12, 1.3341394774188426e-08, -2.9276947214517576e-09, -3.0376422154606936e-09, 9.581162738505574e-12, 3.0064447175371993e-09, -2.0384829059473156e-12, -1.7964724244753159e-09, 3.0709289951236317e-09, -1.261017962591484e-10, 9.404225449484372e-12, -2.0384829059473156e-12, 3.077012011053541e-09]"
1402415803978819485,,181926,,1402415803,917515039,/enu,/base_link,,,,11.7824750676,17.1884065983,-25.5764373101,,0.0123322705614,-0.00944641888553,-0.798323088113,-0.602029008652,"[0.025178320919112773, -0.004281755518906836, -0.00665622378532261, -5.791332265203037e-07, 1.1140576747987187e-06, -5.594491094880767e-05, -0.004281755518906836, 0.02774378673316149, 0.00856303344725151, -1.956751056428606e-06, 1.41545346845856e-06, -7.908630064158412e-05, -0.00665622378532261, 0.00856303344725151, 0.212164092336208, 3.4203967468169257e-06, -3.188473686072238e-06, 2.2021069108814825e-06, -5.791332265203037e-07, -1.956751056428606e-06, 3.4203967468169257e-06, 4.194803766389768e-06, -3.817595131436336e-07, 1.062731311868656e-07, 1.1140576747987187e-06, 1.41545346845856e-06, -3.188473686072238e-06, -3.817595131436336e-07, 4.31923550669092e-06, -5.379373160533048e-07, -5.594491094880767e-05, -7.908630064158412e-05, 2.2021069108814825e-06, 1.062731311868656e-07, -5.379373160533048e-07, 0.00015039716792699173]",,,,-0.0347212098344,0.00240575348837,0.00636076321091,,0.0184723410435,-0.0065796377849,0.0233843195162,"[0.00018287078713283183, -5.586526688074024e-05, -5.117815382213336e-05, 2.336534978532124e-09, 1.3629081195564054e-08, -1.7913717705126866e-09, -5.586526688074024e-05, 0.00024970753244060425, 3.954791714349805e-05, -1.7504072187977597e-08, -2.9611281199204252e-09, 3.1047911720392335e-09, -5.117815382213336e-05, 3.954791714349805e-05, 0.00018085792079849958, -7.406361419455156e-10, -3.0300079637975957e-09, -1.262385303400562e-10, 2.336534978532124e-09, -1.7504072187977597e-08, -7.406361419455156e-10, 3.047688596369329e-09, 9.58112066840328e-12, 9.405023812869153e-12, 1.3629081195564054e-08, -2.9611281199204252e-09, -3.0300079637975957e-09, 9.58112066840328e-12, 3.0064446458767413e-09, -2.0378356326081993e-12, -1.7913717705126866e-09, 3.1047911720392335e-09, -1.262385303400562e-10, 9.405023812869153e-12, -2.0378356326081993e-12, 3.0769944683882526e-09]"
1402415803978847403,,181927,,1402415803,927473068,/enu,/base_link,,,,11.7824135108,17.1880652983,-25.5762908213,,0.0122534313089,-0.00948887883675,-0.798406913472,-0.601918777843,"[0.02518053719640042, -0.004280508974836047, -0.006658277889780486, -6.197905572034878e-07, 1.3273356232589097e-06, -5.5887318116320336e-05, -0.004280508974836047, 0.0277472596541042, 0.008557707194138287, -2.1595217832742245e-06, 1.4578540999082454e-06, -7.908651995274006e-05, -0.006658277889780486, 0.008557707194138287, 0.21218135427156867, 3.434691587731518e-06, -3.1973178319804917e-06, 2.2028439936816647e-06, -6.197905572034878e-07, -2.1595217832742245e-06, 3.434691587731518e-06, 4.234434582574081e-06, -3.817546349283003e-07, 1.064990092078856e-07, 1.3273356232589097e-06, 1.4578540999082454e-06, -3.1973178319804917e-06, -3.817546349283003e-07, 4.3589007780252254e-06, -5.394573391596313e-07, -5.5887318116320336e-05, -7.908651995274006e-05, 2.2028439936816647e-06, 1.064990092078856e-07, -5.394573391596313e-07, 0.00015040621379017183]",,,,-0.0350509356646,0.0019274534609,0.00601130798619,,0.0159320412816,-0.00746322115737,0.0245992703838,"[0.00018666480452147989, -5.6489397739397686e-05, -5.116783121927704e-05, 2.348555164935845e-09, 1.3917150929541654e-08, -1.786236089584849e-09, -5.6489397739397686e-05, 0.00025460104950495094, 3.965764864496027e-05, -1.7838014144012762e-08, -2.9945211953366126e-09, 3.138605446098923e-09, -5.116783121927704e-05, 3.965764864496027e-05, 0.00018120614320575005, -7.375939708634161e-10, -3.0225804594359936e-09, -1.2627783810344856e-10, 2.348555164935845e-09, -1.7838014144012762e-08, -7.375939708634161e-10, 3.0476885573664973e-09, 9.581078619295164e-12, 9.405814227049711e-12, 1.3917150929541654e-08, -2.9945211953366126e-09, -3.0225804594359936e-09, 9.581078619295164e-12, 3.0064445731626644e-09, -2.0371870642177177e-12, -1.786236089584849e-09, 3.138605446098923e-09, -1.2627783810344856e-10, 9.405814227049711e-12, -2.0371870642177177e-12, 3.0769769233205724e-09]"
1402415803978994761,,181928,,1402415803,937494039,/enu,/base_link,,,,11.7929739809,17.2005134066,-25.5932913358,,0.0124329874112,-0.0102204761986,-0.798528338254,-0.601742017559,"[0.025169958433987154, -0.0042833726642832505, -0.006651840868922015, -4.815856381158777e-07, 5.70959497438628e-07, -5.6046385626890295e-05, -0.0042833726642832505, 0.027738058210035183, 0.008570261472130714, -1.4042894621992702e-06, 1.3427572579505564e-06, -7.909430893371974e-05, -0.006651840868922015, 0.008570261472130714, 0.21211927369138578, 3.4090027373323833e-06, -3.2009043397409708e-06, 2.2236008342876046e-06, -4.815856381158777e-07, -1.4042894621992702e-06, 3.4090027373323833e-06, 4.071733290919627e-06, -3.818448565463805e-07, 1.083220526717764e-07, 5.70959497438628e-07, 1.3427572579505564e-06, -3.2009043397409708e-06, -3.818448565463805e-07, 4.1950006654332724e-06, -5.728049605775495e-07, -5.6046385626890295e-05, -7.909430893371974e-05, 2.2236008342876046e-06, 1.083220526717764e-07, -5.728049605775495e-07, 0.0001504104680695976]",,,,-0.0220685538701,-0.00905084040615,0.00291297845029,,0.018914666874,-0.0107757051821,0.0291277378422,"[0.0001721723705870603, -5.4343303448382176e-05, -5.1067753743164066e-05, 2.387615514273356e-09, 1.2819050569629257e-08, -2.79147786487393e-09, -5.4343303448382176e-05, 0.00023636549495291022, 3.932536604734262e-05, -1.6445112699748475e-08, -2.841607841591024e-09, 2.023347254784071e-09, -5.1067753743164066e-05, 3.932536604734262e-05, 0.0001794847196916426, -6.907377233131466e-10, -3.005267829749125e-09, -1.6596652686091352e-10, 2.387615514273356e-09, -1.6445112699748475e-08, -6.907377233131466e-10, 3.0475776529582026e-09, 9.580507205764725e-12, 9.385354347948651e-12, 1.2819050569629257e-08, -2.841607841591024e-09, -3.005267829749125e-09, 9.580507205764725e-12, 3.0063326356489358e-09, -2.0335104770426843e-12, -2.79147786487393e-09, 2.023347254784071e-09, -1.6596652686091352e-10, 9.385354347948651e-12, -2.0335104770426843e-12, 3.0769550844537887e-09]"
1402415804018818205,,181929,,1402415803,947469949,/enu,/base_link,,,,11.7930379452,17.2003941204,-25.5932986049,,0.0123704213302,-0.0102741639306,-0.798635435284,-0.601600245795,"[0.02517203316671436, -0.004282159194400464, -0.006653876898131204, -5.212647625666521e-07, 7.721853161328264e-07, -5.5994297583723904e-05, -0.004282159194400464, 0.027741447794513534, 0.008564928149615868, -1.5953873082235e-06, 1.3841613989256704e-06, -7.909206290584428e-05, -0.006653876898131204, 0.008564928149615868, 0.2121364560693886, 3.4235194229840302e-06, -3.2098898064012307e-06, 2.224439713838754e-06, -5.212647625666521e-07, -1.5953873082235e-06, 3.4235194229840302e-06, 4.111510564795676e-06, -3.818403026713834e-07, 1.0854383677857102e-07, 7.721853161328264e-07, 1.3841613989256704e-06, -3.2098898064012307e-06, -3.818403026713834e-07, 4.234811415013006e-06, -5.742710350088441e-07, -5.5994297583723904e-05, -7.909206290584428e-05, 2.224439713838754e-06, 1.0854383677857102e-07, -5.742710350088441e-07, 0.00015041968023400774]",,,,-0.0213581704486,-0.0098851550673,0.0038171959069,,0.0156012327582,-0.00348615410022,0.0324411960298,"[0.00017574585049971579, -5.495049371035377e-05, -5.105266717372764e-05, 2.3987930855303515e-09, 1.309881801752965e-08, -2.7860222957328604e-09, -5.495049371035377e-05, 0.0002410241698472389, 3.9430493165337107e-05, -1.6771210039827e-08, -2.875671043776725e-09, 2.0599589473653603e-09, -5.105266717372764e-05, 3.9430493165337107e-05, 0.0001798302384787209, -6.8711096279521e-10, -2.9968196838211784e-09, -1.6588054241354232e-10, 2.3987930855303515e-09, -1.6771210039827e-08, -6.8711096279521e-10, 3.047577611630271e-09, 9.580464959206768e-12, 9.386171612959958e-12, 1.309881801752965e-08, -2.875671043776725e-09, -2.9968196838211784e-09, 9.580464959206768e-12, 3.0063325661501107e-09, -2.032866594571451e-12, -2.7860222957328604e-09, 2.0599589473653603e-09, -1.6588054241354232e-10, 9.386171612959958e-12, -2.032866594571451e-12, 3.0769375521080764e-09]"
1402415804018846992,,181930,,1402415803,957508087,/enu,/base_link,,,,11.7931746503,17.2001402798,-25.5932751193,,0.0123087108263,-0.0103284254387,-0.798722444197,-0.601485059167,"[0.02517413683720954, -0.004280900871113424, -0.006655935050622806, -5.615682576460786e-07, 9.788361474349482e-07, -5.594267290996206e-05, -0.004280900871113424, 0.027744848986964717, 0.00855956435894523, -1.7917148754552232e-06, 1.4262011236516544e-06, -7.909020068035522e-05, -0.006655935050622806, 0.00855956435894523, 0.21215363945356458, 3.438088489807871e-06, -3.2189358807402097e-06, 2.22528140701181e-06, -5.615682576460786e-07, -1.7917148754552232e-06, 3.438088489807871e-06, 4.1517852161029665e-06, -3.8183571312383203e-07, 1.0876696390831886e-07, 9.788361474349482e-07, 1.4262011236516544e-06, -3.2189358807402097e-06, -3.8183571312383203e-07, 4.275120126520802e-06, -5.75751606055416e-07, -5.594267290996206e-05, -7.909020068035522e-05, 2.22528140701181e-06, 1.0876696390831886e-07, -5.75751606055416e-07, 0.000150429401429999]",,,,-0.0213544199408,-0.00978477131466,0.00366796292664,,0.0156012315871,-0.00326525973255,0.0258143540805,"[0.00017942574446205045, -5.557093793845983e-05, -5.103784601737774e-05, 2.410961756419198e-09, 1.3383452464666798e-08, -2.780635453363084e-09, -5.557093793845983e-05, 0.0002457922489105694, 3.9530991862622745e-05, -1.7102181547920128e-08, -2.9092592571961997e-09, 2.0966620088092087e-09, -5.103784601737774e-05, 3.9530991862622745e-05, 0.00018017995070712767, -6.833275811672648e-10, -2.9882061491987097e-09, -1.6581131546606086e-10, 2.410961756419198e-09, -1.7102181547920128e-08, -6.833275811672648e-10, 3.0475775709755256e-09, 9.580422718008123e-12, 9.386980931406057e-12, 1.3383452464666798e-08, -2.9092592571961997e-09, -2.9882061491987097e-09, 9.580422718008123e-12, 3.0063324956274193e-09, -2.0322214105191763e-12, -2.780635453363084e-09, 2.0966620088092087e-09, -1.6581131546606086e-10, 9.386980931406057e-12, -2.0322214105191763e-12, 3.0769200175098847e-09]"
1402415804018899994,,181931,,1402415803,967470884,/enu,/base_link,,,,11.793370896,17.1999676918,-25.593172245,,0.0122438245809,-0.0103816079444,-0.798807874,-0.601372007506,"[0.025176308979322635, -0.0042796495028244825, -0.006657930925460762, -6.019333594007843e-07, 1.188045150990027e-06, -5.589223151181096e-05, -0.0042796495028244825, 0.027748294278165334, 0.008554188300033839, -1.990551260850593e-06, 1.4683110761321934e-06, -7.908715742401738e-05, -0.006657930925460762, 0.008554188300033839, 0.21217089701590097, 3.4525933496549992e-06, -3.227953905420652e-06, 2.226119844259709e-06, -6.019333594007843e-07, -1.990551260850593e-06, 3.4525933496549992e-06, 4.191455431080755e-06, -3.818310063258667e-07, 1.0899197252028925e-07, 1.188045150990027e-06, 1.4683110761321934e-06, -3.227953905420652e-06, -3.818310063258667e-07, 4.314824957489124e-06, -5.772460291663368e-07, -5.589223151181096e-05, -7.908715742401738e-05, 2.226119844259709e-06, 1.0899197252028925e-07, -5.772460291663368e-07, 0.00015043850022561172]",,,,-0.0215663910037,-0.0107265719144,0.00325636275479,,0.0159325735999,-0.00392794755951,0.0251516936699,"[0.00018314928467344803, -5.619174179771149e-05, -5.1020722245675236e-05, 2.422909030048823e-09, 1.3668857501089133e-08, -2.775390100478902e-09, -5.619174179771149e-05, 0.0002506073845628904, 3.962899950166626e-05, -1.7433673618160325e-08, -2.942742331748881e-09, 2.1332371531536326e-09, -5.1020722245675236e-05, 3.962899950166626e-05, 0.0001805247609108648, -6.793899035216056e-10, -2.9796551027941492e-09, -1.65745537598206e-10, 2.422909030048823e-09, -1.7433673618160325e-08, -6.793899035216056e-10, 3.0475775310046835e-09, 9.580380500291394e-12, 9.38778224914276e-12, 1.3668857501089133e-08, -2.942742331748881e-09, -2.9796551027941492e-09, 9.580380500291394e-12, 3.0063324240472073e-09, -2.0315749327078834e-12, -2.775390100478902e-09, 2.1332371531536326e-09, -1.65745537598206e-10, 9.38778224914276e-12, -2.0315749327078834e-12, 3.0769024807845468e-09]"
1402415804018921144,,181932,,1402415803,977472066,/enu,/base_link,,,,11.7934754819,17.1997934519,-25.5931984759,,0.0121876092968,-0.0104433190789,-0.798900621948,-0.601248863215,"[0.02517852404278297, -0.0042783606307955115, -0.006660030901800306, -6.428337640555955e-07, 1.4022720757539368e-06, -5.584315507215545e-05, -0.0042783606307955115, 0.027751808879078618, 0.008548766665306674, -2.194248030594036e-06, 1.510952484994792e-06, -7.908247537835743e-05, -0.006660030901800306, 0.008548766665306674, 0.21218828316405364, 3.467169147617248e-06, -3.237066904963978e-06, 2.226966689000891e-06, -6.428337640555955e-07, -2.194248030594036e-06, 3.467169147617248e-06, 4.231431202629392e-06, -3.8182625092178374e-07, 1.0921839927970397e-07, 1.4022720757539368e-06, 1.510952484994792e-06, -3.237066904963978e-06, -3.8182625092178374e-07, 4.354835932068453e-06, -5.787547660592395e-07, -5.584315507215545e-05, -7.908247537835743e-05, 2.226966689000891e-06, 1.0921839927970397e-07, -5.787547660592395e-07, 0.0001504479112286713]",,,,-0.0213776270504,-0.0119516216638,0.00350483903203,,0.0161534679435,-0.00149809799964,0.0278024642773,"[0.00018696353763165545, -5.6819287624227596e-05, -5.099996808238024e-05, 2.4343090332502495e-09, 1.3958272138108278e-08, -2.7699861361709893e-09, -5.6819287624227596e-05, 0.00025553192777074925, 3.972530856692439e-05, -1.7769489186225145e-08, -2.9768630319822846e-09, 2.170098227816905e-09, -5.099996808238024e-05, 3.972530856692439e-05, 0.00018086964792493664, -6.752041132078678e-10, -2.970653909210571e-09, -1.6576296350899617e-10, 2.4343090332502495e-09, -1.7769489186225145e-08, -6.752041132078678e-10, 3.047577491719121e-09, 9.580338296829862e-12, 9.388575653577115e-12, 1.3958272138108278e-08, -2.9768630319822846e-09, -2.970653909210571e-09, 9.580338296829862e-12, 3.006332351438639e-09, -2.030927134955124e-12, -2.7699861361709893e-09, 2.170098227816905e-09, -1.6576296350899617e-10, 9.388575653577115e-12, -2.030927134955124e-12, 3.0768849418585304e-09]"
1402415804058826498,,181933,,1402415803,987472057,/enu,/base_link,,,,11.7989029977,17.1946922291,-25.5734625234,,0.0119628555714,-0.0106020525762,-0.799024884723,-0.60108545163,"[0.025167846684200305, -0.004281325347105711, -0.006653461889200015, -5.053664015801634e-07, 6.341878703396008e-07, -5.594675412315769e-05, -0.004281325347105711, 0.027742584662741855, 0.008561497176244725, -1.4357321870894622e-06, 1.3833092508267633e-06, -7.913468414285113e-05, -0.006653461889200015, 0.008561497176244725, 0.21212588261522553, 3.423415723798007e-06, -3.2232897979011603e-06, 2.2512086711469936e-06, -5.053664015801634e-07, -1.4357321870894622e-06, 3.423415723798007e-06, 4.068267645078499e-06, -3.819990802744063e-07, 1.2284438183427617e-07, 6.341878703396008e-07, 1.3833092508267633e-06, -3.2232897979011603e-06, -3.819990802744063e-07, 4.190386241528518e-06, -6.01100726061351e-07, -5.594675412315769e-05, -7.913468414285113e-05, 2.2512086711469936e-06, 1.2284438183427617e-07, -6.01100726061351e-07, 0.00015045396893456747]",,,,-0.0236756712035,-0.0162146255355,0.00865929768635,,0.0154910559622,0.00325100640355,0.030674175666,"[0.00017202521336458652, -5.457436106452154e-05, -5.120721821903208e-05, 2.4150416941249287e-09, 1.2811903269767907e-08, -3.177989255411702e-09, -5.457436106452154e-05, 0.0002368539553556316, 3.9668778533105287e-05, -1.650696498159384e-08, -2.8740429366251143e-09, 2.745909755503674e-09, -5.120721821903208e-05, 3.9668778533105287e-05, 0.0001793549038335881, -6.641496152202223e-10, -3.0209143068637034e-09, -1.837285994887681e-10, 2.4150416941249287e-09, -1.650696498159384e-08, -6.641496152202223e-10, 3.0474655976817422e-09, 9.580362732798804e-12, 9.37219888634639e-12, 1.2811903269767907e-08, -2.8740429366251143e-09, -3.0209143068637034e-09, 9.580362732798804e-12, 3.0062206208052656e-09, -2.034918579754637e-12, -3.177989255411702e-09, 2.745909755503674e-09, -1.837285994887681e-10, 9.37219888634639e-12, -2.034918579754637e-12, 3.0768644319621334e-09]"
1402415804058842106,,181934,,1402415803,998471021,/enu,/base_link,,,,11.7990280215,17.1945833113,-25.5734804899,,0.0119382821029,-0.0106810691038,-0.799123660158,-0.600953216114,"[0.025170120995372854, -0.004279954356050871, -0.00665571588237285, -5.491853340160957e-07, 8.566651370224825e-07, -5.589875018392548e-05, -0.004279954356050871, 0.027746333652578694, 0.008555569324826246, -1.6471130083369853e-06, 1.4289588312981813e-06, -7.913104622808574e-05, -0.00665571588237285, 0.008555569324826246, 0.21214483145815355, 3.4391061696602195e-06, -3.233510213762234e-06, 2.2520048388864875e-06, -5.491853340160957e-07, -1.6471130083369853e-06, 3.4391061696602195e-06, 4.116634719341794e-06, -3.819953236522668e-07, 1.2306056427213946e-07, 8.566651370224825e-07, 1.4289588312981813e-06, -3.233510213762234e-06, -3.819953236522668e-07, 4.238787572772812e-06, -6.025652459607685e-07, -5.589875018392548e-05, -7.913104622808574e-05, 2.2520048388864875e-06, 1.2306056427213946e-07, -6.025652459607685e-07, 0.00015047199266797164]",,,,-0.0235162330763,-0.0164916838901,0.00878879574789,,0.0137238905598,0.00512861717947,0.0272503192734,"[0.00017601942036912967, -5.525004279252477e-05, -5.1196757198302746e-05, 2.4283201196057933e-09, 1.3120641860654784e-08, -3.172448048986727e-09, -5.525004279252477e-05, 0.00024202614225401256, 3.977116669517746e-05, -1.6866360035792402e-08, -2.910877148355695e-09, 2.788064741748831e-09, -5.1196757198302746e-05, 3.977116669517746e-05, 0.00017976783992542606, -6.595786610735588e-10, -3.0105930975587553e-09, -1.8407182482901963e-10, 2.4283201196057933e-09, -1.6866360035792402e-08, -6.595786610735588e-10, 3.047465556019957e-09, 9.580320245481148e-12, 9.373018641373731e-12, 1.3120641860654784e-08, -2.910877148355695e-09, -3.0105930975587553e-09, 9.580320245481148e-12, 3.006220551289672e-09, -2.0342735511874763e-12, -3.172448048986727e-09, 2.788064741748831e-09, -1.8407182482901963e-10, 9.373018641373731e-12, -2.0342735511874763e-12, 3.076846901229394e-09]"
1402415804058852514,,181935,,1402415804,8475065,/enu,/base_link,,,,11.7995035217,17.1943815227,-25.5734501681,,0.0119093507237,-0.0107304450297,-0.799204677839,-0.600845161281,"[0.02517232874847934, -0.004278659609142317, -0.006657842457675403, -5.894307152452026e-07, 1.0629709603432626e-06, -5.585468419940289e-05, -0.004278659609142317, 0.027749742090119874, 0.008550231341369306, -1.8431445146538596e-06, 1.4709415706163401e-06, -7.91261318278881e-05, -0.006657842457675403, 0.008550231341369306, 0.2121620920214521, 3.4538269517280755e-06, -3.242674582921995e-06, 2.2528002419283576e-06, -5.894307152452026e-07, -1.8431445146538596e-06, 3.4538269517280755e-06, 4.156635704877838e-06, -3.8199089165852857e-07, 1.2328209353317026e-07, 1.0629709603432626e-06, 1.4709415706163401e-06, -3.242674582921995e-06, -3.8199089165852857e-07, 4.278823201877116e-06, -6.040409899523571e-07, -5.585468419940289e-05, -7.91261318278881e-05, 2.2528002419283576e-06, 1.2328209353317026e-07, -6.040409899523571e-07, 0.00015048143217022327]",,,,-0.0240192966457,-0.0165434205396,0.00839808216182,,0.0109626952527,0.00137339204742,0.0237160164557,"[0.00017969338232124725, -5.586886529619902e-05, -5.118698602971246e-05, 2.4406875831207855e-09, 1.3404591015489495e-08, -3.1675746012172123e-09, -5.586886529619902e-05, 0.0002467783334291514, 3.9864814546996764e-05, -1.7196468818260427e-08, -2.94408557342653e-09, 2.826911244500389e-09, -5.118698602971246e-05, 3.9864814546996764e-05, 0.00018011366258986972, -6.5584478544082e-10, -3.0016405152584934e-09, -1.8416627806289143e-10, 2.4406875831207855e-09, -1.7196468818260427e-08, -6.5584478544082e-10, 3.0474655151717756e-09, 9.580277798861146e-12, 9.37382965437665e-12, 1.3404591015489495e-08, -2.94408557342653e-09, -3.0016405152584934e-09, 9.580277798861146e-12, 3.0062204806103253e-09, -2.0336270435133215e-12, -3.1675746012172123e-09, 2.826911244500389e-09, -1.8416627806289143e-10, 9.37382965437665e-12, -2.0336270435133215e-12, 3.0768293673682545e-09]"
