rosbagTimestamp,header,seq,stamp,secs,nsecs,frame_id,child_frame_id,pose,pose,position,x,y,z,orientation,x,y,z,w,covariance,twist,twist,linear,x,y,z,angular,x,y,z,covariance
1402416464928661424,,199961,,1402416464,927205085,/enu,/imu,,,,0.544130394826,29.3076724438,-21.5901001115,,-0.750106220097,-0.661281440105,-0.00595697369581,-0.00346843015957,"[0.025070735307615125, -0.004984416351651103, -0.004153737852430414, 1.359020207465798e-06, 5.1547095311402084e-06, -6.70482622831753e-05, -0.004984416351651103, 0.03276287430527666, -0.00023734519922555839, -4.494498912394045e-07, -2.0755348205016413e-06, 3.2032721346535714e-05, -0.004153737852430414, -0.00023734519922555839, 0.2241399527078383, 8.720904100297461e-07, 4.688299509325966e-07, 9.986454801430531e-07, 1.359020207465798e-06, -4.494498912394045e-07, 8.720904100297461e-07, 3.956093240619663e-06, -1.2107874334411949e-07, -2.6536193572028624e-06, 5.1547095311402084e-06, -2.0755348205016413e-06, 4.688299509325966e-07, -1.2107874334411949e-07, 4.83938572079227e-06, -6.56831046578487e-06, -6.70482622831753e-05, 3.2032721346535714e-05, 9.986454801430531e-07, -2.6536193572028624e-06, -6.56831046578487e-06, 0.00012281536097616015]",,,,-1.27917297719,-0.218015609354,0.212599374612,,0.0117079447904,0.038582235295,0.416122191154,"[0.00022924351051989336, -1.2865466354962629e-05, 9.31917947405176e-05, 3.5266947808349153e-09, -9.214859960224963e-09, -3.0699801911062235e-08, -1.2865466354962629e-05, 0.0004002270866766495, 3.781559637418525e-05, 1.1309973007213754e-08, 2.2330334336974836e-09, 7.067250704786715e-08, 9.31917947405176e-05, 3.781559637418525e-05, 0.00021738882087712373, 1.3385302958374853e-09, -4.076166837754677e-09, 1.7010822187435888e-09, 3.5266947808349153e-09, 1.1309973007213754e-08, 1.3385302958374853e-09, 2.0564088548761387e-09, -4.095551206559933e-12, -1.1455202022128732e-11, -9.214859960224963e-09, 2.2330334336974836e-09, -4.076166837754677e-09, -4.095551206559933e-12, 2.0356347510208643e-09, 1.186268212403286e-12, -3.0699801911062235e-08, 7.067250704786715e-08, 1.7010822187435888e-09, -1.1455202022128732e-11, 1.186268212403286e-12, 2.0546728695630034e-09]"
1402416464938604189,,199962,,1402416464,937182903,/enu,/imu,,,,0.613476350613,29.3769229963,-21.8679334112,,-0.746098489002,-0.6658111614,-0.00535539266634,0.00196515482474,"[0.025060135075218676, -0.0049887005484253255, -0.004148627548147557, 1.6138985714859046e-06, 4.3237716930967775e-06, -6.745108319414449e-05, -0.0049887005484253255, 0.03275011545073466, -0.00021658747832176934, 8.648825638655372e-08, -2.3166001473270612e-06, 3.2972480486695416e-05, -0.004148627548147557, -0.00021658747832176934, 0.22406821696251042, 8.902757108626774e-07, 4.3938207803757843e-07, 1.09316901766712e-06, 1.6138985714859046e-06, 8.648825638655372e-08, 8.902757108626774e-07, 3.7957272001758545e-06, -1.0190899666090498e-07, -2.8834576765142614e-06, 4.3237716930967775e-06, -2.3166001473270612e-06, 4.3938207803757843e-07, -1.0190899666090498e-07, 4.683957655039627e-06, -6.721157275551482e-06, -6.745108319414449e-05, 3.2972480486695416e-05, 1.09316901766712e-06, -2.8834576765142614e-06, -6.721157275551482e-06, 0.0001224146373000524]",,,,-1.31336931032,-0.12865372076,0.272624764727,,0.0442941096084,-0.0132138064627,0.412800461705,"[0.00020452444393404364, -7.3716402455874166e-06, 9.23695884566497e-05, 3.1138163850860535e-09, -8.487292489729796e-09, -2.6288272648946382e-08, -7.3716402455874166e-06, 0.0003983312556110444, 3.3601657948526376e-05, 1.0675763851209809e-08, 2.2136047495058007e-09, 7.325062003826565e-08, 9.23695884566497e-05, 3.3601657948526376e-05, 0.00021644024857667312, 1.0122603109006553e-09, -4.189801101312373e-09, 5.211672467557544e-10, 3.1138163850860535e-09, 1.0675763851209809e-08, 1.0122603109006553e-09, 2.056354320596928e-09, -4.094169178537965e-12, -1.1412536378422413e-11, -8.487292489729796e-09, 2.2136047495058007e-09, -4.189801101312373e-09, -4.094169178537965e-12, 2.035586320472835e-09, 1.2453768965664402e-12, -2.6288272648946382e-08, 7.325062003826565e-08, 5.211672467557544e-10, -1.1412536378422413e-11, 1.2453768965664402e-12, 2.0545597109082825e-09]"
1402416464948506313,,199963,,1402416464,947182893,/enu,/imu,,,,0.61073988953,29.3640035177,-21.8707900689,,-0.74746328727,-0.664277842091,-0.00537636187374,0.00216273531418,"[0.025062576734223053, -0.004987260114436017, -0.004151625243728135, 1.5827386831297472e-06, 4.52117968001291e-06, -6.723647435628329e-05, -0.004987260114436017, 0.03275410715984998, -0.0002237726221049632, -7.157620523099457e-08, -2.3111571192384842e-06, 3.3315579966927784e-05, -0.004151625243728135, -0.0002237726221049632, 0.2240876888285445, 8.912460208591477e-07, 4.371381634273885e-07, 1.123347438530094e-06, 1.5827386831297472e-06, -7.157620523099457e-08, 8.912460208591477e-07, 3.8356703030005556e-06, -1.0190730482089939e-07, -2.882893685646231e-06, 4.52117968001291e-06, -2.3111571192384842e-06, 4.371381634273885e-07, -1.0190730482089939e-07, 4.723999097716754e-06, -6.7213508266734495e-06, -6.723647435628329e-05, 3.3315579966927784e-05, 1.123347438530094e-06, -2.882893685646231e-06, -6.7213508266734495e-06, 0.00012243741549567376]",,,,-1.32235208596,-0.130937139141,0.26712121508,,0.0245239615577,0.0287563420689,0.414788501321,"[0.00020821693383364252, -6.465464856343997e-06, 9.302399206906952e-05, 3.1982844643958697e-09, -8.665804616591874e-09, -2.608774949692647e-08, -6.465464856343997e-06, 0.00040465283004513167, 3.330549281608661e-05, 1.0877514258821357e-08, 2.2696086159786652e-09, 7.370539541976695e-08, 9.302399206906952e-05, 3.330549281608661e-05, 0.0002169187400678644, 1.014538822802436e-09, -4.221527238917052e-09, 4.960234318323938e-10, 3.1982844643958697e-09, 1.0877514258821357e-08, 1.014538822802436e-09, 2.0563542997231037e-09, -4.094158851665058e-12, -1.1412231298519487e-11, -8.665804616591874e-09, 2.2696086159786652e-09, -4.221527238917052e-09, -4.094158851665058e-12, 2.0355862954096187e-09, 1.2452012826233285e-12, -2.608774949692647e-08, 7.370539541976695e-08, 4.960234318323938e-10, -1.1412231298519487e-11, 1.2452012826233285e-12, 2.054555242215908e-09]"
1402416464958537908,,199964,,1402416464,957181930,/enu,/imu,,,,0.607916750264,29.3509772831,-21.8734947173,,-0.748845434259,-0.662719891578,-0.00525156652768,0.00229824850599,"[0.025065113804882348, -0.004985782745173098, -0.004154792195784857, 1.5512453590247117e-06, 4.7224303381708716e-06, -6.701820120634422e-05, -0.004985782745173098, 0.03275808825658968, -0.00023101104271736495, -2.3308332293607705e-07, -2.3053161890810915e-06, 3.36555133083653e-05, -0.004154792195784857, -0.00023101104271736495, 0.22410747489111038, 8.918914053677558e-07, 4.3510858670520675e-07, 1.153605512682626e-06, 1.5512453590247117e-06, -2.3308332293607705e-07, 8.918914053677558e-07, 3.875604420699531e-06, -1.019054040071945e-07, -2.8823276407049404e-06, 4.7224303381708716e-06, -2.3053161890810915e-06, 4.3510858670520675e-07, -1.019054040071945e-07, 4.76403309056045e-06, -6.72155517241126e-06, -6.701820120634422e-05, 3.36555133083653e-05, 1.153605512682626e-06, -2.8823276407049404e-06, -6.72155517241126e-06, 0.00012246017887818236]",,,,-1.33221956319,-0.124681913918,0.279258119754,,0.0345747093169,-0.001285450236,0.420973555119,"[0.00021204824459814144, -5.502720320292904e-06, 9.369016311415961e-05, 3.285412507423893e-09, -8.847322456018296e-09, -2.5879226764814188e-08, -5.502720320292904e-06, 0.0004110655376133558, 3.297947367023957e-05, 1.1080892924745646e-08, 2.327198661149061e-09, 7.416149046319408e-08, 9.369016311415961e-05, 3.297947367023957e-05, 0.00021733607538201483, 1.0145364531837977e-09, -4.251168613290821e-09, 4.710936643414791e-10, 3.285412507423893e-09, 1.1080892924745646e-08, 1.0145364531837977e-09, 2.056354278365848e-09, -4.094148433926805e-12, -1.1411923966004762e-11, -8.847322456018296e-09, 2.327198661149061e-09, -4.251168613290821e-09, -4.094148433926805e-12, 2.0355862698908305e-09, 1.245024908620497e-12, -2.5879226764814188e-08, 7.416149046319408e-08, 4.710936643414791e-10, -1.1411923966004762e-11, 1.245024908620497e-12, 2.054550772175104e-09]"
1402416464968510186,,199965,,1402416464,967181921,/enu,/imu,,,,0.605012812193,29.3380243679,-21.8766620509,,-0.75019490269,-0.661190701162,-0.00533343849533,0.00245338736168,"[0.02506770204368012, -0.0049842927476889225, -0.004157875843156808, 1.519423532652983e-06, 4.927504010852132e-06, -6.679559491278817e-05, -0.0049842927476889225, 0.03276210028288706, -0.00023829487248170348, -3.980451761244358e-07, -2.2991033409576016e-06, 3.3992962647343006e-05, -0.004157875843156808, -0.00023829487248170348, 0.22412733634686619, 8.921934595478818e-07, 4.3327256531251545e-07, 1.1836971641692222e-06, 1.519423532652983e-06, -3.980451761244358e-07, 8.921934595478818e-07, 3.915544805397981e-06, -1.019032916735217e-07, -2.881759608147417e-06, 4.927504010852132e-06, -2.2991033409576016e-06, 4.3327256531251545e-07, -1.019032916735217e-07, 4.804074890019222e-06, -6.721770340114012e-06, -6.679559491278817e-05, 3.3992962647343006e-05, 1.1836971641692222e-06, -2.881759608147417e-06, -6.721770340114012e-06, 0.00012248294293125994]",,,,-1.34201912881,-0.126038327482,0.277363629339,,0.0101657552739,0.0322906683754,0.412027266466,"[0.0002159030567924343, -4.5664681546019005e-06, 9.435652324486102e-05, 3.372954816772864e-09, -9.029240102257462e-09, -2.567410839797982e-08, -4.5664681546019005e-06, 0.0004175465682878576, 3.270058238180102e-05, 1.1285781113975184e-08, 2.386566060795837e-09, 7.461503036341185e-08, 9.435652324486102e-05, 3.270058238180102e-05, 0.00021783414866846933, 1.0183026066155172e-09, -4.283509563740693e-09, 4.554226820134226e-10, 3.372954816772864e-09, 1.1285781113975184e-08, 1.0183026066155172e-09, 2.056354256688671e-09, -4.094137930063921e-12, -1.1411613467860117e-11, -9.029240102257462e-09, 2.386566060795837e-09, -4.283509563740693e-09, -4.094137930063921e-12, 2.0355862438844168e-09, 1.2448477499264575e-12, -2.567410839797982e-08, 7.461503036341185e-08, 4.554226820134226e-10, -1.1411613467860117e-11, 1.2448477499264575e-12, 2.0545463000348993e-09]"
1402416464978553875,,199966,,1402416464,977180957,/enu,/imu,,,,0.602079171024,29.3248331211,-21.8794961166,,-0.751542385574,-0.659659098453,-0.0052607804833,0.0024981398024,"[0.0250703485980035, -0.004982780947235815, -0.004161033940780026, 1.4872872555552116e-06, 5.136751863802864e-06, -6.657015988479871e-05, -0.004982780947235815, 0.0327661146614876, -0.0002454878823047818, -5.666470985384647e-07, -2.2923770163878305e-06, 3.432558783684236e-05, -0.004161033940780026, -0.0002454878823047818, 0.2241470583096534, 8.92183177522064e-07, 4.3170175215733037e-07, 1.2137294763066214e-06, 1.4872872555552116e-06, -5.666470985384647e-07, 8.92183177522064e-07, 3.955476159455056e-06, -1.0190096702598433e-07, -2.881189613945113e-06, 5.136751863802864e-06, -2.2923770163878305e-06, 4.3170175215733037e-07, -1.0190096702598433e-07, 4.844109195900579e-06, -6.7219962870650665e-06, -6.657015988479871e-05, 3.432558783684236e-05, 1.2137294763066214e-06, -2.881189613945113e-06, -6.7219962870650665e-06, 0.00012250569216126005]",,,,-1.35026893174,-0.123688295839,0.277389511041,,0.0140314283955,-0.00548246730733,0.412358588666,"[0.00021991456028199184, -3.5890326677895574e-06, 9.503002521361154e-05, 3.4625957384669304e-09, -9.214384180651702e-09, -2.546542396515138e-08, -3.5890326677895574e-06, 0.00042411456869246054, 3.241017856882871e-05, 1.149216246209169e-08, 2.4472787301701785e-09, 7.506825691373067e-08, 9.503002521361154e-05, 3.241017856882871e-05, 0.00021825965697007076, 1.020279198042826e-09, -4.312775996364841e-09, 4.464846269817591e-10, 3.4625957384669304e-09, 1.149216246209169e-08, 1.020279198042826e-09, 2.0563542346424398e-09, -4.094127362665478e-12, -1.1411300655274474e-11, -9.214384180651702e-09, 2.4472787301701785e-09, -4.312775996364841e-09, -4.094127362665478e-12, 2.0355862174746194e-09, 1.244669786987592e-12, -2.546542396515138e-08, 7.506825691373067e-08, 4.464846269817591e-10, -1.1411300655274474e-11, 1.244669786987592e-12, 2.0545418257128436e-09]"
1402416464988499385,,199967,,1402416464,987140893,/enu,/imu,,,,0.768441070317,29.4919572168,-22.3083286899,,-0.747848943372,-0.663811798542,0.00280445731118,0.00824554628355,"[0.02505969647099446, -0.004987087966618431, -0.004155777362299034, 1.7332053185952704e-06, 4.303918539830784e-06, -6.697930880043086e-05, -0.004987087966618431, 0.03275343123520468, -0.0002246805780245655, -3.216901925954616e-08, -2.5276167174401976e-06, 3.521756770865011e-05, -0.004155777362299034, -0.0002246805780245655, 0.2240751878104089, 9.041980414160109e-07, 3.9566911017800413e-07, 1.2936985122802306e-06, 1.7332053185952704e-06, -3.216901925954616e-08, 9.041980414160109e-07, 3.7926608487485865e-06, -8.331217110844365e-08, -3.0978054101479535e-06, 4.303918539830784e-06, -2.5276167174401976e-06, 3.9566911017800413e-07, -8.331217110844365e-08, 4.686892019249515e-06, -6.8728533372304805e-06, -6.697930880043086e-05, 3.521756770865011e-05, 1.2936985122802306e-06, -3.0978054101479535e-06, -6.8728533372304805e-06, 0.00012214579846140725]",,,,-1.26295039626,0.0910913925676,0.367502284955,,0.00244481783709,0.00059190216685,0.412019231844,"[0.00019086989480915524, 2.700368251576592e-05, 9.137913561016702e-05, 3.0838013802634037e-09, -8.331136648303282e-09, -1.3637168523312842e-08, 2.700368251576592e-05, 0.00038943140732708567, 2.274143720059871e-05, 1.0915867325787328e-08, 2.1912201324425748e-09, 7.058924128164531e-08, 9.137913561016702e-05, 2.274143720059871e-05, 0.0002138710841788588, 2.4722977778324926e-10, -4.147462072710803e-09, -1.46465100290143e-09, 3.0838013802634037e-09, 1.0915867325787328e-08, 2.4722977778324926e-10, 2.0562993625673764e-09, -4.092646537358889e-12, -1.1369178813979355e-11, -8.331136648303282e-09, 2.1912201324425748e-09, -4.147462072710803e-09, -4.092646537358889e-12, 2.035537347466682e-09, 1.3000860381684465e-12, -1.3637168523312842e-08, 7.058924128164531e-08, -1.46465100290143e-09, -1.1369178813979355e-11, 1.3000860381684465e-12, 2.054439149886813e-09]"
1402416465026817679,,199968,,1402416464,998174905,/enu,/imu,,,,0.767570637408,29.4780207719,-22.3125746372,,-0.749323633752,-0.662146038619,0.00272242970127,0.00832489148116,"[0.02506250034487504, -0.00498546810548486, -0.004159175210812505, 1.6986078047578381e-06, 4.520544529504412e-06, -6.67451336300232e-05, -0.00498546810548486, 0.03275780868524939, -0.0002326002437268344, -2.0669614255011238e-07, -2.5226307471324735e-06, 3.5597406371842255e-05, -0.004159175210812505, -0.0002326002437268344, 0.22409676676873527, 9.050195605154391e-07, 3.9412939094053904e-07, 1.327856913035465e-06, 1.6986078047578381e-06, -2.0669614255011238e-07, 9.050195605154391e-07, 3.84130574454436e-06, -8.33115523443363e-08, -3.0972101842109013e-06, 4.520544529504412e-06, -2.5226307471324735e-06, 3.9412939094053904e-07, -8.33115523443363e-08, 4.735638026354739e-06, -6.873024798670569e-06, -6.67451336300232e-05, 3.5597406371842255e-05, 1.327856913035465e-06, -3.0972101842109013e-06, -6.873024798670569e-06, 0.00012217754724689348]",,,,-1.27203269649,0.0917598266945,0.363171809257,,-0.000426822865543,0.0241172744971,0.406165483455,"[0.00019529718977659639, 2.815605211492825e-05, 9.200396929773651e-05, 3.176563813369323e-09, -8.531034822640307e-09, -1.3439478844048523e-08, 2.815605211492825e-05, 0.0003961717939492407, 2.2235809706999478e-05, 1.1140463416459817e-08, 2.252973555722271e-09, 7.10433696977724e-08, 9.200396929773651e-05, 2.2235809706999478e-05, 0.00021444569213229563, 2.426885519538627e-10, -4.179950143853861e-09, -1.4744247262942312e-09, 3.176563813369323e-09, 1.1140463416459817e-08, 2.426885519538627e-10, 2.056299342582284e-09, -4.092636010018217e-12, -1.136888279007955e-11, -8.531034822640307e-09, 2.252973555722271e-09, -4.179950143853861e-09, -4.092636010018217e-12, 2.035537321637754e-09, 1.299899897669768e-12, -1.3439478844048523e-08, 7.10433696977724e-08, -1.4744247262942312e-09, -1.136888279007955e-11, 1.299899897669768e-12, 2.054434719123232e-09]"
1402416465026847147,,199969,,1402416465,8160114,/enu,/imu,,,,0.766886447158,29.4652940661,-22.3162522201,,-0.750663095448,-0.660626589714,0.00274838558656,0.00835897561274,"[0.02506504315633903, -0.004983993368376566, -0.0041623037319345494, 1.6669127707143823e-06, 4.720905999524886e-06, -6.652940832013794e-05, -0.004983993368376566, 0.03276177909102925, -0.000239857579977115, -3.684276770531915e-07, -2.5177391898641487e-06, 3.59383678315606e-05, -0.0041623037319345494, -0.000239857579977115, 0.224116647933528, 9.054339820017075e-07, 3.929348309640936e-07, 1.358686076947069e-06, 1.6669127707143823e-06, -3.684276770531915e-07, 9.054339820017075e-07, 3.881126670596144e-06, -8.331098959834055e-08, -3.0966019061286872e-06, 4.720905999524886e-06, -2.5177391898641487e-06, 3.929348309640936e-07, -8.331098959834055e-08, 4.77556165117156e-06, -6.873205796196792e-06, -6.652940832013794e-05, 3.59383678315606e-05, 1.358686076947069e-06, -3.0966019061286872e-06, -6.873205796196792e-06, 0.00012220034257295312]",,,,-1.27982136901,0.0952135879831,0.36506447448,,0.00719407383351,0.00412622858764,0.409147555972,"[0.0001993948607878692, 2.9239510094474383e-05, 9.25749549448617e-05, 3.2625956221481126e-09, -8.714557385231951e-09, -1.3255287325009405e-08, 2.9239510094474383e-05, 0.00040231403057528983, 2.174989491397124e-05, 1.1345419182985743e-08, 2.3102828548879894e-09, 7.145361133982291e-08, 9.25749549448617e-05, 2.174989491397124e-05, 0.00021488227579734986, 2.3698376412964176e-10, -4.2080382790530714e-09, -1.4859695800692563e-09, 3.2625956221481126e-09, 1.1345419182985743e-08, 2.3698376412964176e-10, 2.0562993221947156e-09, -4.092625370867149e-12, -1.1368583750276855e-11, -8.714557385231951e-09, 2.3102828548879894e-09, -4.2080382790530714e-09, -4.092625370867149e-12, 2.035537295320134e-09, 1.299712836438087e-12, -1.3255287325009405e-08, 7.145361133982291e-08, -1.4859695800692563e-09, -1.1368583750276855e-11, 1.299712836438087e-12, 2.0544302866671567e-09]"
1402416465026862850,,199970,,1402416465,18150091,/enu,/imu,,,,0.766013893014,29.4525552781,-22.3200444626,,-0.751996512273,-0.659108128981,0.00272123072188,0.00838538873488,"[0.025067619834509204, -0.004982536770256656, -0.004165349238894151, 1.6349076879238098e-06, 4.9256142557383125e-06, -6.631154862193978e-05, -0.004982536770256656, 0.03276580754403655, -0.00024709395467686397, -5.339708386372331e-07, -2.5124732532725895e-06, 3.6277296598067584e-05, -0.004165349238894151, -0.00024709395467686397, 0.22413636826904462, 9.055510174627945e-07, 3.9193002678063523e-07, 1.3894703810402292e-06, 1.6349076879238098e-06, -5.339708386372331e-07, 9.055510174627945e-07, 3.920984345774293e-06, -8.331019908880198e-08, -3.0959917352841887e-06, 4.9256142557383125e-06, -2.5124732532725895e-06, 3.9193002678063523e-07, -8.331019908880198e-08, 4.815523579775007e-06, -6.873397476962052e-06, -6.631154862193978e-05, 3.6277296598067584e-05, 1.3894703810402292e-06, -3.0959917352841887e-06, -6.873397476962052e-06, 0.00012222316950111114]",,,,-1.28709266488,0.0955386854897,0.357571977558,,-0.000979059418337,0.0110844366169,0.407932613497,"[0.0002035688480925588, 3.03342167704214e-05, 9.315054188718537e-05, 3.3502045583964292e-09, -8.899395760559363e-09, -1.3068643290301076e-08, 3.03342167704214e-05, 0.00040853937270089567, 2.127591465955016e-05, 1.1551834213270508e-08, 2.3693527806272377e-09, 7.186384937123884e-08, 9.315054188718537e-05, 2.127591465955016e-05, 0.00021533674624369994, 2.32385156585499e-10, -4.236747037168331e-09, -1.4926280402335917e-09, 3.3502045583964292e-09, 1.1551834213270508e-08, 2.32385156585499e-10, 2.0562993014434788e-09, -4.092614653955889e-12, -1.1368282366239172e-11, -8.899395760559363e-09, 2.3693527806272377e-09, -4.236747037168331e-09, -4.092614653955889e-12, 2.0355372685397154e-09, 1.299524956346944e-12, -1.3068643290301076e-08, 7.186384937123884e-08, -1.4926280402335917e-09, -1.1368282366239172e-11, 1.299524956346944e-12, 2.054425852007742e-09]"
1402416465066838028,,199971,,1402416465,28129100,/enu,/imu,,,,0.765404112844,29.4397446473,-22.3238566351,,-0.753314556855,-0.657601915369,0.00269934792975,0.00834343179387,"[0.02507026606382496, -0.004981004050982681, -0.004168474995326876, 1.6026170378819805e-06, 5.134265712701028e-06, -6.609100997634847e-05, -0.004981004050982681, 0.032769872765259625, -0.0002543551012687614, -7.030199925583742e-07, -2.5068512890740594e-06, 3.661383475646565e-05, -0.004168474995326876, -0.0002543551012687614, 0.22415608451859437, 9.053611196295827e-07, 3.910929700088495e-07, 1.4202272200474847e-06, 1.6026170378819805e-06, -7.030199925583742e-07, 9.053611196295827e-07, 3.9607529850150055e-06, -8.330918237830116e-08, -3.0953795789485912e-06, 5.134265712701028e-06, -2.5068512890740594e-06, 3.910929700088495e-07, -8.330918237830116e-08, 4.855398024460784e-06, -6.873599796786025e-06, -6.609100997634847e-05, 3.661383475646565e-05, 1.4202272200474847e-06, -3.0953795789485912e-06, -6.873599796786025e-06, 0.0001222459004348509]",,,,-1.29608020683,0.0997653229841,0.364428701095,,-0.0105880132631,0.00125458481764,0.405392293719,"[0.00020784282320149142, 3.143692130717627e-05, 9.373292215332399e-05, 3.4390423532312765e-09, -9.086293555669161e-09, -1.2881372297053539e-08, 3.143692130717627e-05, 0.00041483864810260674, 2.0815581201861347e-05, 1.1759740618589131e-08, 2.4299603494383235e-09, 7.227304780964616e-08, 9.373292215332399e-05, 2.0815581201861347e-05, 0.00021577712338070035, 2.2847026013872104e-10, -4.264532045783549e-09, -1.4910732731550244e-09, 3.4390423532312765e-09, 1.1759740618589131e-08, 2.2847026013872104e-10, 2.056299280326571e-09, -4.0926038513680295e-12, -1.136797796416593e-11, -9.086293555669161e-09, 2.4299603494383235e-09, -4.264532045783549e-09, -4.0926038513680295e-12, 2.0355372412832374e-09, 1.2993362325886513e-12, -1.2881372297053539e-08, 7.227304780964616e-08, -1.4910732731550244e-09, -1.136797796416593e-11, 1.2993362325886513e-12, 2.054421416048696e-09]"
1402416465066874139,,199972,,1402416465,38151979,/enu,/imu,,,,0.968223420082,29.6159670137,-22.6960051658,,-0.749990446806,-0.661120364186,0.0155998063023,0.0138144779604,"[0.02505970162178645, -0.004985232086766345, -0.004163319085683355, 1.8338951865587316e-06, 4.303964462218408e-06, -6.651035826827561e-05, -0.004985232086766345, 0.032757176280262576, -0.00023344245593357566, -1.693539797635206e-07, -2.734280563853501e-06, 3.7447107759045504e-05, -0.004163319085683355, -0.00023344245593357566, 0.22408408819905337, 9.119750211324791e-07, 3.498450805974371e-07, 1.4881703117276271e-06, 1.8338951865587316e-06, -1.693539797635206e-07, 9.119750211324791e-07, 3.7979330170818974e-06, -6.592199566455096e-08, -3.2892067876660296e-06, 4.303964462218408e-06, -2.734280563853501e-06, 3.498450805974371e-07, -6.592199566455096e-08, 4.698763635795309e-06, -7.020461414640327e-06, -6.651035826827561e-05, 3.7447107759045504e-05, 1.4881703117276271e-06, -3.2892067876660296e-06, -7.020461414640327e-06, 0.00012194587128694594]",,,,-1.13509492414,0.393235674693,0.438457923229,,-0.0117888232834,0.00732580738726,0.402513230072,"[0.00018985790513963765, 6.837321645606251e-05, 8.650517052946288e-05, 3.0895124306036957e-09, -8.01623100539314e-09, 3.063693461436476e-09, 6.837321645606251e-05, 0.00036126285968191734, 9.320819435349577e-06, 1.1091077858709129e-08, 2.0136633433111315e-09, 6.36441377784159e-08, 8.650517052946288e-05, 9.320819435349577e-06, 0.00021089157725052892, -7.709606051678042e-10, -3.931304496449982e-09, -3.794128125239858e-09, 3.0895124306036957e-09, 1.1091077858709129e-08, -7.709606051678042e-10, 2.056244579784443e-09, -4.090958837171157e-12, -1.1327098484844442e-11, -8.01623100539314e-09, 2.0136633433111315e-09, -3.931304496449982e-09, -4.090958837171157e-12, 2.0354881411623575e-09, 1.3488352273076477e-12, 3.063693461436476e-09, 6.36441377784159e-08, -3.794128125239858e-09, -1.1327098484844442e-11, 1.3488352273076477e-12, 2.0543336604538583e-09]"
1402416465066897054,,199973,,1402416465,48145055,/enu,/imu,,,,0.97067970865,29.6042203138,-22.7004954641,,-0.751278078367,-0.659656983154,0.0156199607847,0.0137815226216,"[0.025062141090861134, -0.00498378682062848, -0.004166416921016939, 1.8023530412903607e-06, 4.499279526114825e-06, -6.630121304679231e-05, -0.00498378682062848, 0.03276116597982089, -0.00024078675683450614, -3.2773737367790243e-07, -2.731264417101309e-06, 3.780233734996787e-05, -0.004166416921016939, -0.00024078675683450614, 0.22410410978709738, 9.125865628889143e-07, 3.487596958100281e-07, 1.5202278957953247e-06, 1.8023530412903607e-06, -3.2773737367790243e-07, 9.125865628889143e-07, 3.837815756096101e-06, -6.592347852933729e-08, -3.2885588368293807e-06, 4.499279526114825e-06, -2.731264417101309e-06, 3.487596958100281e-07, -6.592347852933729e-08, 4.738749610113366e-06, -7.020603010739671e-06, -6.630121304679231e-05, 3.780233734996787e-05, 1.5202278957953247e-06, -3.2885588368293807e-06, -7.020603010739671e-06, 0.00012196886393165379]",,,,-1.14093989633,0.39659696458,0.438257517966,,-0.00118583737903,0.000919836410003,0.392572919527,"[0.0001941354850084067, 6.951763443815696e-05, 8.691220450342985e-05, 3.1721624647751215e-09, -8.20112139041302e-09, 3.2039794498636564e-09, 6.951763443815696e-05, 0.00036689431576581, 8.596223850925789e-06, 1.1296289433641982e-08, 2.0676004975868386e-09, 6.39957295233263e-08, 8.691220450342985e-05, 8.596223850925789e-06, 0.00021132863083576255, -7.877284830019852e-10, -3.954440720063666e-09, -3.806639431991787e-09, 3.1721624647751215e-09, 1.1296289433641982e-08, -7.877284830019852e-10, 2.0562445606698066e-09, -4.090948164718993e-12, -1.1326810335057868e-11, -8.20112139041302e-09, 2.0676004975868386e-09, -3.954440720063666e-09, -4.090948164718993e-12, 2.0354881145713467e-09, 1.348639357605768e-12, 3.2039794498636564e-09, 6.39957295233263e-08, -3.806639431991787e-09, -1.1326810335057868e-11, 1.348639357605768e-12, 2.0543292626716324e-09]"
1402416465067005263,,199974,,1402416465,58147907,/enu,/imu,,,,0.972884507749,29.5924512484,-22.7051678203,,-0.752573155669,-0.658182128014,0.0155478909805,0.0137184115273,"[0.02506466633774266, -0.004982320949306892, -0.004169485989120311, 1.7705089754273327e-06, 4.699020123874142e-06, -6.609113159706614e-05, -0.004982320949306892, 0.03276519522941849, -0.00024805783006693813, -4.899998630588075e-07, -2.728022351201189e-06, 3.815839198187716e-05, -0.004169485989120311, -0.00024805783006693813, 0.2241239283370179, 9.129493194596182e-07, 3.477614638090948e-07, 1.5522688742627588e-06, 1.7705089754273327e-06, -4.899998630588075e-07, 9.129493194596182e-07, 3.877775379535604e-06, -6.592471751016037e-08, -3.2879090671373462e-06, 4.699020123874142e-06, -2.728022351201189e-06, 3.477614638090948e-07, -6.592471751016037e-08, 4.778814043288304e-06, -7.020755249814552e-06, -6.609113159706614e-05, 3.815839198187716e-05, 1.5522688742627588e-06, -3.2879090671373462e-06, -7.020755249814552e-06, 0.00012199192882154219]",,,,-1.14541516161,0.399192724314,0.435038821498,,-0.0178634486293,0.0108601341846,0.394892309812,"[0.0001984931567362841, 7.067024487320148e-05, 8.732978875204266e-05, 3.2568474120962037e-09, -8.387361541536215e-09, 3.349137475273794e-09, 7.067024487320148e-05, 0.00037260670037836836, 7.894666490983994e-06, 1.1503232599953114e-08, 2.1238762008236237e-09, 6.434817136784783e-08, 8.732978875204266e-05, 7.894666490983994e-06, 0.00021178726768353241, -8.024054250107148e-10, -3.978160891991903e-09, -3.808104774991445e-09, 3.2568474120962037e-09, 1.1503232599953114e-08, -8.024054250107148e-10, 2.0562445412052136e-09, -4.090937400268931e-12, -1.1326519794017562e-11, -8.387361541536215e-09, 2.1238762008236237e-09, -3.978160891991903e-09, -4.090937400268931e-12, 2.0354880875183526e-09, 1.34844260485407e-12, 3.349137475273794e-09, 6.434817136784783e-08, -3.808104774991445e-09, -1.1326519794017562e-11, 1.34844260485407e-12, 2.054324862644741e-09]"
1402416465106827370,,199975,,1402416465,68145990,/enu,/imu,,,,0.975090182702,29.5804283638,-22.7093634704,,-0.753881727662,-0.65668706207,0.0154754851791,0.0135997266856,"[0.02506724619864316, -0.004980826615395997, -0.004172577472873078, 1.7384172651859657e-06, 4.902863269116542e-06, -6.587976502222089e-05, -0.004980826615395997, 0.032769218039981125, -0.0002552542768495519, -6.559164405143397e-07, -2.724647410613578e-06, 3.851579483043157e-05, -0.004172577472873078, -0.0002552542768495519, 0.22414359140615958, 9.130482473870661e-07, 3.468300275972167e-07, 1.5845956873494987e-06, 1.7384172651859657e-06, -6.559164405143397e-07, 9.130482473870661e-07, 3.917695465020665e-06, -6.592571228712936e-08, -3.2872574216635604e-06, 4.902863269116542e-06, -2.724647410613578e-06, 3.468300275972167e-07, -6.592571228712936e-08, 4.818840511382945e-06, -7.020918106417926e-06, -6.587976502222089e-05, 3.851579483043157e-05, 1.5845956873494987e-06, -3.2872574216635604e-06, -7.020918106417926e-06, 0.000122014947856205]",,,,-1.15205184958,0.404931511142,0.438450014297,,-0.0262574777932,0.00368102888036,0.399862447425,"[0.0002029595033667294, 7.184326646943027e-05, 8.775522757664323e-05, 3.343689832069624e-09, -8.575416838017773e-09, 3.500236967026968e-09, 7.184326646943027e-05, 0.0003783897782908983, 7.1913426292167714e-06, 1.1711567153190931e-08, 2.1823726804967858e-09, 6.47006071875508e-08, 8.775522757664323e-05, 7.1913426292167714e-06, 0.00021223495634060903, -8.164399840916531e-10, -4.001223446379215e-09, -3.8042520119346386e-09, 3.343689832069624e-09, 1.1711567153190931e-08, -8.164399840916531e-10, 2.056244521366523e-09, -4.09092654836292e-12, -1.1326226688347545e-11, -8.575416838017773e-09, 2.1823726804967858e-09, -4.001223446379215e-09, -4.09092654836292e-12, 2.035488059986323e-09, 1.3482449554492134e-12, 3.500236967026968e-09, 6.47006071875508e-08, -3.8042520119346386e-09, -1.1326226688347545e-11, 1.3482449554492134e-12, 2.0543204613124767e-09]"
1402416465106857409,,199976,,1402416465,79222917,/enu,/imu,,,,0.977627334395,29.5671072535,-22.7143475704,,-0.755285445305,-0.65507420263,0.0154684919858,0.013505958528,"[0.025070219560004124, -0.004979218409498146, -0.004176007429301899, 1.702525815844516e-06, 5.1335114134735455e-06, -6.564390356725062e-05, -0.004979218409498146, 0.03277376909309789, -0.00026335518811120007, -8.441306433384027e-07, -2.7207504003890498e-06, 3.891481735303435e-05, -0.004176007429301899, -0.00026335518811120007, 0.2241656232459718, 9.127977836248204e-07, 3.458069701817555e-07, 1.6205726549514851e-06, 1.702525815844516e-06, -8.441306433384027e-07, 9.127977836248204e-07, 3.9667132860627336e-06, -6.5926201792239e-08, -3.2866134638647773e-06, 5.1335114134735455e-06, -2.7207504003890498e-06, 3.458069701817555e-07, -6.5926201792239e-08, 4.867966607960884e-06, -7.021094777655358e-06, -6.564390356725062e-05, 3.891481735303435e-05, 1.6205726549514851e-06, -3.2866134638647773e-06, -7.021094777655358e-06, 0.00012204718336495715]",,,,-1.15811040045,0.409111548954,0.436947689945,,-0.0124515067259,-0.0020622555449,0.388486315341,"[0.0002080530420257279, 7.315859106394844e-05, 8.821739363908045e-05, 3.4403211953914016e-09, -8.786092851819398e-09, 3.6626556596112933e-09, 7.315859106394844e-05, 0.00038496465703665486, 6.384914637304616e-06, 1.1944246224078652e-08, 2.247259581077658e-09, 6.509161271805759e-08, 8.821739363908045e-05, 6.384914637304616e-06, 0.0002127684358643164, -8.340770955231252e-10, -4.026680355425445e-09, -3.809992237237623e-09, 3.4403211953914016e-09, 1.1944246224078652e-08, -8.340770955231252e-10, 2.0562445011957273e-09, -4.090915604898401e-12, -1.132593077000824e-11, -8.786092851819398e-09, 2.247259581077658e-09, -4.026680355425445e-09, -4.090915604898401e-12, 2.035488031987087e-09, 1.3480464064453276e-12, 3.6626556596112933e-09, 6.509161271805759e-08, -3.809992237237623e-09, -1.132593077000824e-11, 1.3480464064453276e-12, 2.054316057469031e-09]"
1402416465106885467,,199977,,1402416465,89129924,/enu,/imu,,,,1.15147267036,29.7136655235,-22.9740447979,,-0.7534443453,-0.656696928045,0.0283765621983,0.0162952124599,"[0.025059581115459147, -0.004983344175768255, -0.0041707566182560855, 1.8991992491788272e-06, 4.297453726544515e-06, -6.609337584471816e-05, -0.004983344175768255, 0.03276095144040808, -0.00024230766306727295, -2.9004214889958216e-07, -2.931717076062796e-06, 3.958783079674779e-05, -0.0041707566182560855, -0.00024230766306727295, 0.22409331684687553, 9.147585150548079e-07, 3.035934800301307e-07, 1.674085074255064e-06, 1.8991992491788272e-06, -2.9004214889958216e-07, 9.147585150548079e-07, 3.79975771784095e-06, -5.278852120778454e-08, -3.4205324363934612e-06, 4.297453726544515e-06, -2.931717076062796e-06, 3.035934800301307e-07, -5.278852120778454e-08, 4.70951815194881e-06, -7.159644790304854e-06, -6.609337584471816e-05, 3.958783079674779e-05, 1.674085074255064e-06, -3.4205324363934612e-06, -7.159644790304854e-06, 0.00012187166495231814]",,,,-0.971521887417,0.66510268282,0.478024261009,,-0.0168570645565,0.0122903873344,0.378099397327,"[0.00020505987551317238, 9.592960133198029e-05, 7.953727495954878e-05, 3.149851941887547e-09, -7.68093498354791e-09, 1.743686937535408e-08, 9.592960133198029e-05, 0.0003280035222699084, -1.609194459073484e-06, 1.1139279350184921e-08, 1.8008138356176437e-09, 5.52046610056837e-08, 7.953727495954878e-05, -1.609194459073484e-06, 0.0002089476316729186, -1.6601057991269872e-09, -3.6180841946068917e-09, -5.672806945709881e-09, 3.149851941887547e-09, 1.1139279350184921e-08, -1.6601057991269872e-09, 2.056189918188491e-09, -4.0892876548420815e-12, -1.1287925142442264e-11, -7.68093498354791e-09, 1.8008138356176437e-09, -3.6180841946068917e-09, -4.0892876548420815e-12, 2.0354378198754075e-09, 1.3826978793440086e-12, 1.743686937535408e-08, 5.52046610056837e-08, -5.672806945709881e-09, -1.1287925142442264e-11, 1.3826978793440086e-12, 2.054259555868725e-09]"
1402416465106928762,,199978,,1402416465,99165916,/enu,/imu,,,,1.15644423242,29.7030774115,-22.979279628,,-0.754681150101,-0.655284425356,0.0283095443045,0.0160391168399,"[0.02506208818520063, -0.004981894513644489, -0.00417389225570104, 1.867626571069404e-06, 4.493078886917464e-06, -6.589325406777387e-05, -0.004981894513644489, 0.03276500154401732, -0.00024966423360428476, -4.496044613210642e-07, -2.9307332307232774e-06, 3.996730232846663e-05, -0.00417389225570104, -0.00024966423360428476, 0.224113338970514, 9.154925147321802e-07, 3.0218851840669615e-07, 1.7078286018986385e-06, 1.867626571069404e-06, -4.496044613210642e-07, 9.154925147321802e-07, 3.839982335565952e-06, -5.2791741027313504e-08, -3.4198540016088176e-06, 4.493078886917464e-06, -2.9307332307232774e-06, 3.0218851840669615e-07, -5.2791741027313504e-08, 4.74984739148993e-06, -7.159759170246851e-06, -6.589325406777387e-05, 3.996730232846663e-05, 1.7078286018986385e-06, -3.4198540016088176e-06, -7.159759170246851e-06, 0.00012189509033408984]",,,,-0.975348580155,0.670992352203,0.480666802297,,-0.0431436314141,-0.0116767775753,0.376774016036,"[0.00020951145929227474, 9.705299138280443e-05, 7.98063975228159e-05, 3.231371167868184e-09, -7.869113974264365e-09, 1.753767730355098e-08, 9.705299138280443e-05, 0.00033327761736749414, -2.5035468242680917e-06, 1.1346734479493424e-08, 1.8550935609829327e-09, 5.551352970350341e-08, 7.98063975228159e-05, -2.5035468242680917e-06, 0.00020938897080455976, -1.6831510793492526e-09, -3.6336937928685017e-09, -5.66986099545412e-09, 3.231371167868184e-09, 1.1346734479493424e-08, -1.6831510793492526e-09, 2.056189899878566e-09, -4.089276982450578e-12, -1.1287644670281649e-11, -7.869113974264365e-09, 1.8550935609829327e-09, -3.6336937928685017e-09, -4.089276982450578e-12, 2.0354377926969707e-09, 1.3824944872851734e-12, 1.753767730355098e-08, 5.551352970350341e-08, -5.66986099545412e-09, -1.1287644670281649e-11, 1.3824944872851734e-12, 2.0542551800337613e-09]"
1402416465146832938,,199979,,1402416465,109143018,/enu,/imu,,,,1.16134746102,29.6923713241,-22.9841393577,,-0.755904721402,-0.653880972886,0.0281921843551,0.0159036536731,"[0.025064662010564183, -0.004980435208038069, -0.004177027919386921, 1.8359801940432864e-06, 4.691688191498262e-06, -6.569384606502618e-05, -0.004980435208038069, 0.03276900122460316, -0.00025689135730862635, -6.119720326481737e-07, -2.929834220776566e-06, 4.034968696237389e-05, -0.004177027919386921, -0.00025689135730862635, 0.22413307211478034, 9.159675191023853e-07, 3.00722125609884e-07, 1.7416721177472427e-06, 1.8359801940432864e-06, -6.119720326481737e-07, 9.159675191023853e-07, 3.879733940829181e-06, -5.2794713490703076e-08, -3.419173328383135e-06, 4.691688191498262e-06, -2.929834220776566e-06, 3.00722125609884e-07, -5.2794713490703076e-08, 4.7897051944920356e-06, -7.159884024763939e-06, -6.569384606502618e-05, 4.034968696237389e-05, 1.7416721177472427e-06, -3.419173328383135e-06, -7.159884024763939e-06, 0.00012191803002871348]",,,,-0.978268838349,0.677092359105,0.47995754717,,-0.0317675113666,0.0116276996196,0.375227738314,"[0.0002139857914397629, 9.819249312816594e-05, 8.005984588513958e-05, 3.314167111427358e-09, -8.057050554219653e-09, 1.7641069152087986e-08, 9.819249312816594e-05, 0.0003386020414636287, -3.3890419498920473e-06, 1.1554400819437159e-08, 1.909898354352434e-09, 5.582024202931721e-08, 8.005984588513958e-05, -3.3890419498920473e-06, 0.0002098628902457197, -1.7066928844570899e-09, -3.6512322902392195e-09, -5.668908496461882e-09, 3.314167111427358e-09, 1.1554400819437159e-08, -1.7066928844570899e-09, 2.0561898811762554e-09, -4.0892662198153865e-12, -1.1287361296774948e-11, -8.057050554219653e-09, 1.909898354352434e-09, -3.6512322902392195e-09, -4.0892662198153865e-12, 2.0354377650392204e-09, 1.3822901483386904e-12, 1.7641069152087986e-08, 5.582024202931721e-08, -5.668908496461882e-09, -1.1287361296774948e-11, 1.3822901483386904e-12, 2.0542508026093316e-09]"
1402416465146863575,,199980,,1402416465,120141983,/enu,/imu,,,,1.1670957246,29.6806218863,-22.9896787154,,-0.757254335291,-0.652322269061,0.0281858084093,0.0157190704133,"[0.025067590173010683, -0.0049788118146216155, -0.004180449883565139, 1.8008547330548869e-06, 4.915843037332249e-06, -6.547545392434667e-05, -0.0049788118146216155, 0.032773520611998015, -0.0002649279675645519, -7.956217727771245e-07, -2.9288997695556578e-06, 4.077782917623673e-05, -0.004180449883565139, -0.0002649279675645519, 0.22415493461074892, 9.162387804082116e-07, 2.990092192803999e-07, 1.779282574827004e-06, 1.8008547330548869e-06, -7.956217727771245e-07, 9.162387804082116e-07, 3.928062171042857e-06, -5.279727074753741e-08, -3.4184986869510165e-06, 4.915843037332249e-06, -2.9288997695556578e-06, 2.990092192803999e-07, -5.279727074753741e-08, 4.838141479911124e-06, -7.160021803346494e-06, -6.547545392434667e-05, 4.077782917623673e-05, 1.779282574827004e-06, -3.4184986869510165e-06, -7.160021803346494e-06, 0.0001219496584379374]",,,,-0.981874399043,0.682581785484,0.470866040288,,-0.0219376600396,-0.00946782348497,0.377105342082,"[0.0002191102335568824, 9.948043832723583e-05, 8.032532696426446e-05, 3.4071336331601503e-09, -8.26666627969905e-09, 1.775833353653375e-08, 9.948043832723583e-05, 0.00034460641234032043, -4.413404649551363e-06, 1.1784513465457004e-08, 1.9717751054275825e-09, 5.6158030105303866e-08, 8.032532696426446e-05, -4.413404649551363e-06, 0.00021039621712186005, -1.7347820859053795e-09, -3.6689290915315567e-09, -5.677831689258962e-09, 3.4071336331601503e-09, 1.1784513465457004e-08, -1.7347820859053795e-09, 2.0561898622321786e-09, -4.0892553716703885e-12, -1.1287075434951149e-11, -8.26666627969905e-09, 1.9717751054275825e-09, -3.6689290915315567e-09, -4.0892553716703885e-12, 2.035437736893647e-09, 1.3820848509649612e-12, 1.775833353653375e-08, 5.6158030105303866e-08, -5.677831689258962e-09, -1.1287075434951149e-11, 1.3820848509649612e-12, 2.0542464240309936e-09]"
