rosbagTimestamp,header,seq,stamp,secs,nsecs,frame_id,child_frame_id,pose,pose,position,x,y,z,orientation,x,y,z,w,covariance,twist,twist,linear,x,y,z,angular,x,y,z,covariance
1402416157901742600,,170293,,1402416157,900787115,/enu,/imu,,,,4.79529526964,21.0574929582,-25.5254968992,,0.689344184421,-0.723937327021,-0.0219429020701,-0.015422418714,"[0.02997416934239114, -0.004302484569498673, -0.004643652126942951, 6.179533637769807e-06, -5.472698782107698e-06, 9.276852440572725e-05, -0.004302484569498673, 0.03403446509715534, 0.0048960107274150745, 1.7761978088763674e-07, -1.737554489558094e-06, 2.7344670031148356e-05, -0.004643652126942951, 0.0048960107274150745, 0.2261382150925412, -9.01204852709936e-06, 7.243672787846768e-06, -3.898983739004553e-05, 6.179533637769807e-06, 1.7761978088763674e-07, -9.01204852709936e-06, 5.3038762096822534e-06, -2.2910098488795293e-07, 3.3259790340714726e-06, -5.472698782107698e-06, -1.737554489558094e-06, 7.243672787846768e-06, -2.2910098488795293e-07, 3.960424261209038e-06, -2.2070850528797564e-06, 9.276852440572725e-05, 2.7344670031148356e-05, -3.898983739004553e-05, 3.3259790340714726e-06, -2.2070850528797564e-06, 0.00010730835352078671]",,,,2.38219460442,-0.407293714027,-0.0481041459482,,0.0333091734101,-0.00644102341603,-0.13326514184,"[0.00033191976120936693, 6.730903584087518e-05, -4.0971907872322965e-05, -1.718433146803902e-09, -1.6710259699462002e-08, -1.3973822249811954e-08, 6.730903584087518e-05, 0.0006363306223072718, 2.46887663693944e-05, -1.7130728666994376e-09, -2.0696590379512915e-09, -1.3328499769143673e-07, -4.0971907872322965e-05, 2.46887663693944e-05, 0.00016889831196210565, 1.6969682981060836e-09, 3.96493737832706e-09, 1.2607264025926296e-09, -1.718433146803902e-09, -1.7130728666994376e-09, 1.6969682981060836e-09, 2.4205892109527245e-09, -5.701558271053171e-12, -1.0773856259934184e-11, -1.6710259699462002e-08, -2.0696590379512915e-09, 3.96493737832706e-09, -5.701558271053171e-12, 2.3938805995667387e-09, 6.982902202551431e-13, -1.3973822249811954e-08, -1.3328499769143673e-07, 1.2607264025926296e-09, -1.0773856259934184e-11, 6.982902202551431e-13, 2.418537238640655e-09]"
1402416157911786779,,170294,,1402416157,910789966,/enu,/imu,,,,4.7982394381,21.033350458,-25.5260786767,,0.689825680604,-0.723471400813,-0.0221182503937,-0.0155063078832,"[0.029974439228810157, -0.004302715362226057, -0.004642841810356723, 6.169504217231543e-06, -5.32157173179255e-06, 9.300005749866732e-05, -0.004302715362226057, 0.03403758694401867, 0.004897039624973555, -1.0852198330443158e-07, -1.725289433313077e-06, 2.7535537296775464e-05, -0.004642841810356723, 0.004897039624973555, 0.22615294878891928, -9.045479941794273e-06, 7.251582430990463e-06, -3.902683817553762e-05, 6.169504217231543e-06, -1.0852198330443158e-07, -9.045479941794273e-06, 5.343796312593926e-06, -2.2911903816175855e-07, 3.325538982636788e-06, -5.32157173179255e-06, -1.725289433313077e-06, 7.251582430990463e-06, -2.2911903816175855e-07, 4.000463595205417e-06, -2.207745429954454e-06, 9.300005749866732e-05, 2.7535537296775464e-05, -3.902683817553762e-05, 3.325538982636788e-06, -2.207745429954454e-06, 0.00010733396683511977]",,,,2.38542273172,-0.409058678897,-0.0358902065788,,-0.01683411543,-0.0358201263934,-0.127632341818,"[0.0003379394190431704, 6.795130816498551e-05, -4.2297130882716874e-05, -1.7418024913757623e-09, -1.69956299584752e-08, -1.4005800415269988e-08, 6.795130816498551e-05, 0.0006410033532059329, 2.4859713987195498e-05, -1.5035967820669347e-09, -2.1099484423517554e-09, -1.334669085379548e-07, -4.2297130882716874e-05, 2.4859713987195498e-05, 0.00016965045168089595, 1.7107202539446185e-09, 4.042584554435069e-09, 1.2514317861915939e-09, -1.7418024913757623e-09, -1.5035967820669347e-09, 1.7107202539446185e-09, 2.420589104836092e-09, -5.701559658591197e-12, -1.0774604220983102e-11, -1.69956299584752e-08, -2.1099484423517554e-09, 4.042584554435069e-09, -5.701559658591197e-12, 2.393880552202874e-09, 6.983171636788804e-13, -1.4005800415269988e-08, -1.334669085379548e-07, 1.2514317861915939e-09, -1.0774604220983102e-11, 6.983171636788804e-13, 2.418531940040991e-09]"
1402416157922730622,,170295,,1402416157,921787977,/enu,/imu,,,,4.80145654815,21.0069593115,-25.5272430254,,0.69036308502,-0.722959321558,-0.0219766256032,-0.0156734852936,"[0.02997474137833947, -0.004302933094881117, -0.00464195629411217, 6.158458317246662e-06, -5.1509989289923514e-06, 9.325996256234959e-05, -0.004302933094881117, 0.03404117140661853, 0.004898077623732903, -4.290520453853181e-07, -1.7116082377282473e-06, 2.7745242321582857e-05, -0.00464195629411217, 0.004898077623732903, 0.22616935355421602, -9.08258710391694e-06, 7.260154175392114e-06, -3.906798700833716e-05, 6.158458317246662e-06, -4.290520453853181e-07, -9.08258710391694e-06, 5.3920799072789776e-06, -2.2913739187070168e-07, 3.32509564198152e-06, -5.1509989289923514e-06, -1.7116082377282473e-06, 7.260154175392114e-06, -2.2913739187070168e-07, 4.048866755853941e-06, -2.2084157970870245e-06, 9.325996256234959e-05, 2.7745242321582857e-05, -3.906798700833716e-05, 3.32509564198152e-06, -2.2084157970870245e-06, 0.00010736805801274498]",,,,2.39444133029,-0.406717935017,-0.0501331680591,,0.0365121485437,-0.00367982590015,-0.130283125078,"[0.0003447361391454489, 6.862931108282618e-05, -4.3752690521708136e-05, -1.76872763671124e-09, -1.731286955233861e-08, -1.4037600865776107e-08, 6.862931108282618e-05, 0.0006463405878455995, 2.479056725912535e-05, -1.2704343608284223e-09, -2.153188713797812e-09, -1.3366917299867804e-07, -4.3752690521708136e-05, 2.479056725912535e-05, 0.0001704880962961219, 1.7260386374485822e-09, 4.123713869359434e-09, 1.3147287406113455e-09, -1.76872763671124e-09, -1.2704343608284223e-09, 1.7260386374485822e-09, 2.420588997734325e-09, -5.701560999654416e-12, -1.077535578033285e-11, -1.731286955233861e-08, -2.153188713797812e-09, 4.123713869359434e-09, -5.701560999654416e-12, 2.3938805040095568e-09, 6.983444075492439e-13, -1.4037600865776107e-08, -1.3366917299867804e-07, 1.3147287406113455e-09, -1.077535578033285e-11, 6.983444075492439e-13, 2.4185266400407732e-09]"
1402416157932707319,,170296,,1402416157,931787967,/enu,/imu,,,,4.80444295507,20.9827714441,-25.5279307327,,0.690877650416,-0.722462391364,-0.0220908607492,-0.0157530661065,"[0.029975062979597407, -0.004303130344283437, -0.004641213596053235, 6.148353394917488e-06, -4.991941465291439e-06, 9.34995234117596e-05, -0.004303130344283437, 0.03404445349952038, 0.004899111565935954, -7.259003338010662e-07, -1.6990435885247476e-06, 2.7936885883558467e-05, -0.004641213596053235, 0.004899111565935954, 0.22618425169195802, -9.116652584613679e-06, 7.2677908164122465e-06, -3.9105314076987846e-05, 6.148353394917488e-06, -7.259003338010662e-07, -9.116652584613679e-06, 5.431973052862815e-06, -2.2915609871314282e-07, 3.3246559751010906e-06, -4.991941465291439e-06, -1.6990435885247476e-06, 7.2677908164122465e-06, -2.2915609871314282e-07, 4.088882297311996e-06, -2.209098793985034e-06, 9.34995234117596e-05, 2.7936885883558467e-05, -3.9105314076987846e-05, 3.3246559751010906e-06, -2.209098793985034e-06, 0.00010739363131891513]",,,,2.39881310696,-0.411607163946,-0.0393071800026,,-0.00877143907489,-0.0267634063764,-0.136578685189,"[0.00035095150858881354, 6.925536517911821e-05, -4.510742847374065e-05, -1.7933263555277078e-09, -1.760289941810529e-08, -1.4056634090591557e-08, 6.925536517911821e-05, 0.0006512025436496336, 2.492241786993868e-05, -1.0562923978456091e-09, -2.1964442687449885e-09, -1.3385352580862755e-07, -4.510742847374065e-05, 2.492241786993868e-05, 0.0001712360910606402, 1.739886705889287e-09, 4.200804300458206e-09, 1.314935845316092e-09, -1.7933263555277078e-09, -1.0562923978456091e-09, 1.739886705889287e-09, 2.4205888894367583e-09, -5.701562388953478e-12, -1.0776111392099257e-11, -1.760289941810529e-08, -2.1964442687449885e-09, 4.200804300458206e-09, -5.701562388953478e-12, 2.3938804549940696e-09, 6.983720091042273e-13, -1.4056634090591557e-08, -1.3385352580862755e-07, 1.314935845316092e-09, -1.0776111392099257e-11, 6.983720091042273e-13, 2.4185213373933014e-09]"
1402416157944043944,,170297,,1402416157,942790031,/enu,/imu,,,,4.80791573439,20.9562886155,-25.5291013297,,0.69141606494,-0.721947445946,-0.0219847511736,-0.0158865084371,"[0.029975456753959465, -0.004303356780091286, -0.0046402683268986205, 6.137250078594352e-06, -4.812442877779479e-06, 9.376940090948733e-05, -0.004303356780091286, 0.034048213186303786, 0.004900218614625192, -1.0585868112107327e-06, -1.6849889900429393e-06, 2.8145682934821398e-05, -0.0046402683268986205, 0.004900218614625192, 0.22620056523504298, -9.154536043712205e-06, 7.276144541823006e-06, -3.914679332616146e-05, 6.137250078594352e-06, -1.0585868112107327e-06, -9.154536043712205e-06, 5.480288348420219e-06, -2.2917510389998438e-07, 3.3242129778108336e-06, -4.812442877779479e-06, -1.6849889900429393e-06, 7.276144541823006e-06, -2.2917510389998438e-07, 4.137320328055278e-06, -2.2097917914011116e-06, 9.376940090948733e-05, 2.8145682934821398e-05, -3.914679332616146e-05, 3.3242129778108336e-06, -2.2097917914011116e-06, 0.00010742774200265569]",,,,2.4083840657,-0.402864781811,-0.0523730085985,,0.0275658696102,-0.00367982236717,-0.130614542257,"[0.0003579765715954254, 6.995436329333942e-05, -4.6595518837244405e-05, -1.8216053945853965e-09, -1.7925357210930045e-08, -1.4087117204334584e-08, 6.995436329333942e-05, 0.0006567323252471813, 2.489262679645589e-05, -8.179583781543607e-10, -2.2419757035106356e-09, -1.3405755277722728e-07, -4.6595518837244405e-05, 2.489262679645589e-05, 0.0001720863754014443, 1.7548446320482637e-09, 4.2825513936338645e-09, 1.3653200838048939e-09, -1.8216053945853965e-09, -8.179583781543607e-10, 1.7548446320482637e-09, 2.4205887801732283e-09, -5.7015638009690146e-12, -1.077687062963325e-11, -1.7925357210930045e-08, -2.2419757035106356e-09, 4.2825513936338645e-09, -5.7015638009690146e-12, 2.3938804051812647e-09, 6.983998924514731e-13, -1.4087117204334584e-08, -1.3405755277722728e-07, 1.3653200838048939e-09, -1.077687062963325e-11, 6.983998924514731e-13, 2.4185160321607524e-09]"
1402416157954739455,,170298,,1402416157,953790903,/enu,/imu,,,,4.81122980386,20.9295225763,-25.5297932724,,0.691961661906,-0.721423400371,-0.0218948377702,-0.0160608819116,"[0.029975918830913297, -0.004303586174894012, -0.004639353252505086, 6.126170960262494e-06, -4.627694048212656e-06, 9.404718358536939e-05, -0.004303586174894012, 0.034052047612485696, 0.0049013120478993265, -1.3986902712284255e-06, -1.6705189205076253e-06, 2.8344727982909846e-05, -0.004639353252505086, 0.0049013120478993265, 0.22621712219984946, -9.193001127178417e-06, 7.284707901373318e-06, -3.91888746287667e-05, 6.126170960262494e-06, -1.3986902712284255e-06, -9.193001127178417e-06, 5.528590889565229e-06, -2.2919446325628548e-07, 3.323770053825899e-06, -4.627694048212656e-06, -1.6705189205076253e-06, 7.284707901373318e-06, -2.2919446325628548e-07, 4.185747358732179e-06, -2.2104971389107923e-06, 9.404718358536939e-05, 2.8344727982909846e-05, -3.91888746287667e-05, 3.323770053825899e-06, -2.2104971389107923e-06, 0.00010746183244240889]",,,,2.41745996176,-0.396020976571,-0.0685061188066,,0.0305479540358,-0.0110798206801,-0.132713086698,"[0.0003651096311099277, 7.065505811545272e-05, -4.812053931323955e-05, -1.8504398161383579e-09, -1.8249656127185826e-08, -1.4113611044732195e-08, 7.065505811545272e-05, 0.0006623707681301947, 2.483528130752532e-05, -5.772802028817183e-10, -2.288763716725194e-09, -1.3426270529515673e-07, -4.812053931323955e-05, 2.483528130752532e-05, 0.00017294643611918836, 1.7696782017151258e-09, 4.366281606643198e-09, 1.4213385221143446e-09, -1.8504398161383579e-09, -5.772802028817183e-10, 1.7696782017151258e-09, 2.420588669808653e-09, -5.701565235562432e-12, -1.0777633982346615e-11, -1.8249656127185826e-08, -2.288763716725194e-09, 4.366281606643198e-09, -5.701565235562432e-12, 2.3938803545004384e-09, 6.984280961861424e-13, -1.4113611044732195e-08, -1.3426270529515673e-07, 1.4213385221143446e-09, -1.0777633982346615e-11, 6.984280961861424e-13, 2.4185107247907146e-09]"
1402416157964730791,,170299,,1402416157,963788986,/enu,/imu,,,,4.81429892935,20.905199056,-25.5304885455,,0.692463541236,-0.720940868143,-0.0219235147879,-0.0160582751277,"[0.029976316868201278, -0.004303821298344523, -0.004638439475091584, 6.11604343888805e-06, -4.455543955548611e-06, 9.43034864819107e-05, -0.004303821298344523, 0.03405561192739523, 0.004902413784865851, -1.713588465361479e-06, -1.6572070230762348e-06, 2.852494458762567e-05, -0.004638439475091584, 0.004902413784865851, 0.226231864291536, -9.228281600107845e-06, 7.292370795426586e-06, -3.922664009468006e-05, 6.11604343888805e-06, -1.713588465361479e-06, -9.228281600107845e-06, 5.568462305421475e-06, -2.2921418014008712e-07, 3.3233309146650417e-06, -4.455543955548611e-06, -1.6572070230762348e-06, 7.292370795426586e-06, -2.2921418014008712e-07, 4.2257461109211405e-06, -2.211215071781418e-06, 9.43034864819107e-05, 2.852494458762567e-05, -3.922664009468006e-05, 3.3233309146650417e-06, -2.211215071781418e-06, 0.000107487363880665]",,,,2.42313812909,-0.402846261845,-0.0621780930417,,-0.00766697677635,-0.00312758004867,-0.132823571351,"[0.00037166696478842617, 7.131186394992864e-05, -4.948395603987957e-05, -1.8774020410841916e-09, -1.8547285786851272e-08, -1.4136654794552836e-08, 7.131186394992864e-05, 0.000667501700104412, 2.497358501979458e-05, -3.563095914892417e-10, -2.333957668168407e-09, -1.3444873189130682e-07, -4.948395603987957e-05, 2.497358501979458e-05, 0.00017368239736153052, 1.782926257068654e-09, 4.4403426519891605e-09, 1.4197641591813116e-09, -1.8774020410841916e-09, -3.563095914892417e-10, 1.782926257068654e-09, 2.420588558289906e-09, -5.701566686621995e-12, -1.0778401416355867e-11, -1.8547285786851272e-08, -2.333957668168407e-09, 4.4403426519891605e-09, -5.701566686621995e-12, 2.393880302954301e-09, 6.984566349407987e-13, -1.4136654794552836e-08, -1.3444873189130682e-07, 1.4197641591813116e-09, -1.0778401416355867e-11, 6.984566349407987e-13, 2.418505414863955e-09]"
1402416158002825207,,170300,,1402416157,973789930,/enu,/imu,,,,4.81734540499,20.8809463245,-25.5313154871,,0.692951393576,-0.720470136982,-0.0219229440474,-0.0161410155725,"[0.029976807756580556, -0.004304009018374083, -0.004637598854379448, 6.105891188372813e-06, -4.279269007252347e-06, 9.456430690285382e-05, -0.004304009018374083, 0.03405925466418432, 0.004903504148177779, -2.034111548100858e-06, -1.6437037913019208e-06, 2.8703242660021416e-05, -0.004637598854379448, 0.004903504148177779, 0.22624676270320881, -9.263926781517333e-06, 7.3000164105553466e-06, -3.926482816297753e-05, 6.105891188372813e-06, -2.034111548100858e-06, -9.263926781517333e-06, 5.608354734642482e-06, -2.292341936375244e-07, 3.322892019197621e-06, -4.279269007252347e-06, -1.6437037913019208e-06, 7.3000164105553466e-06, -2.292341936375244e-07, 4.265767321481509e-06, -2.211943187848572e-06, 9.456430690285382e-05, 2.8703242660021416e-05, -3.926482816297753e-05, 3.322892019197621e-06, -2.211943187848572e-06, 0.00010751291148355389]",,,,2.43026524197,-0.392202163378,-0.0754965440923,,0.00845839140812,-0.0114111604069,-0.129731070122,"[0.0003783230421909198, 7.197979556552628e-05, -5.088976126667459e-05, -1.904843239468127e-09, -1.8846615793835086e-08, -1.4163291773744231e-08, 7.197979556552628e-05, 0.0006727249558844046, 2.5025996135378965e-05, -1.3295310705472007e-10, -2.3786852160270312e-09, -1.346347805409148e-07, -5.088976126667459e-05, 2.5025996135378965e-05, 0.00017442166146129445, 1.7961602211142378e-09, 4.5166693998396565e-09, 1.44106727097351e-09, -1.904843239468127e-09, -1.3295310705472007e-10, 1.7961602211142378e-09, 2.4205884457385906e-09, -5.701568156335267e-12, -1.0779172428606492e-11, -1.8846615793835086e-08, -2.3786852160270312e-09, 4.5166693998396565e-09, -5.701568156335267e-12, 2.3938802505934703e-09, 6.984854543585641e-13, -1.4163291773744231e-08, -1.346347805409148e-07, 1.44106727097351e-09, -1.0779172428606492e-11, 6.984854543585641e-13, 2.4185001026954035e-09]"
1402416158002852750,,170301,,1402416157,984707117,/enu,/imu,,,,4.81415634299,20.8878560861,-25.5172205409,,0.692263543497,-0.721247086982,-0.0186969353971,-0.0149749948876,"[0.0299579522301904, -0.004308014966373206, -0.004622764680797108, 5.8841287084207014e-06, -5.0030539464809114e-06, 9.33414931160502e-05, -0.004308014966373206, 0.03404002975338809, 0.00491714250521799, -6.088804900717298e-07, -1.6158729892552473e-06, 2.870955100378697e-05, -0.004622764680797108, 0.00491714250521799, 0.22613744960085883, -8.788460641325187e-06, 6.498703186751447e-06, -3.997367198119677e-05, 5.8841287084207014e-06, -6.088804900717298e-07, -8.788460641325187e-06, 5.341888552212761e-06, -2.4879891840534026e-07, 3.316021673782379e-06, -5.0030539464809114e-06, -1.6158729892552473e-06, 6.498703186751447e-06, -2.4879891840534026e-07, 3.963410192516934e-06, -2.757570112528816e-06, 9.33414931160502e-05, 2.870955100378697e-05, -3.997367198119677e-05, 3.316021673782379e-06, -2.757570112528816e-06, 0.00010669061843155934]",,,,2.36747516985,-0.384697267118,-0.0514775783114,,0.00393217101578,0.0090249765401,-0.135251312677,"[0.00034544049334489177, 6.675786754883965e-05, -4.073046514995582e-05, -1.652847037616971e-09, -1.7177508722721716e-08, -1.3315097354265837e-08, 6.675786754883965e-05, 0.0006364796414323913, 2.304213151698712e-05, -8.507129091565876e-10, -2.267899910303291e-09, -1.3236701646843682e-07, -4.073046514995582e-05, 2.304213151698712e-05, 0.00016824647921145428, 1.5920544788284242e-09, 3.861886447427865e-09, 1.612922600343787e-09, -1.652847037616971e-09, -8.507129091565876e-10, 1.5920544788284242e-09, 2.4204329480791603e-09, -5.699768698027483e-12, -1.0988037585531697e-11, -1.7177508722721716e-08, -2.267899910303291e-09, 3.861886447427865e-09, -5.699768698027483e-12, 2.3937774404536727e-09, 7.225942486007496e-13, -1.3315097354265837e-08, -1.3236701646843682e-07, 1.612922600343787e-09, -1.0988037585531697e-11, 7.225942486007496e-13, 2.418209922013128e-09]"
1402416158002876022,,170302,,1402416157,994790077,/enu,/imu,,,,4.81698262131,20.8640200699,-25.5180853959,,0.692761837902,-0.720766226031,-0.0187229009165,-0.0150511242665,"[0.02995834836409445, -0.004308191209943918, -0.004621920675782595, 5.8729234602572e-06, -4.8492354025369354e-06, 9.356105541469439e-05, -0.004308191209943918, 0.03404350131989358, 0.0049180822083138885, -9.075370463082175e-07, -1.6034833120950236e-06, 2.8882143069502062e-05, -0.004621920675782595, 0.0049180822083138885, 0.22615248387232526, -8.823294747993113e-06, 6.506514806784313e-06, -4.0010688787930424e-05, 5.8729234602572e-06, -9.075370463082175e-07, -8.823294747993113e-06, 5.382451186935337e-06, -2.488141223058749e-07, 3.315592265583643e-06, -4.8492354025369354e-06, -1.6034833120950236e-06, 6.506514806784313e-06, -2.488141223058749e-07, 4.004099594880442e-06, -2.7581428777167893e-06, 9.356105541469439e-05, 2.8882143069502062e-05, -4.0010688787930424e-05, 3.315592265583643e-06, -2.7581428777167893e-06, 0.00010671733782406454]",,,,2.37457470232,-0.374815743759,-0.0599969538459,,0.00393216621704,-0.014169051918,-0.131385677252,"[0.00035168841007132077, 6.742372170097811e-05, -4.201512855728999e-05, -1.6772645310092648e-09, -1.74672552339441e-08, -1.334258027891644e-08, 6.742372170097811e-05, 0.0006414839636887518, 2.3100648054406707e-05, -6.43233307648738e-10, -2.310042011092104e-09, -1.3258441145397353e-07, -4.201512855728999e-05, 2.3100648054406707e-05, 0.00016896270678732204, 1.6038836071401035e-09, 3.935380837295328e-09, 1.6275961438134379e-09, -1.6772645310092648e-09, -6.43233307648738e-10, 1.6038836071401035e-09, 2.4204328519134612e-09, -5.69977074422084e-12, -1.0988738711347882e-11, -1.74672552339441e-08, -2.310042011092104e-09, 3.935380837295328e-09, -5.69977074422084e-12, 2.3937773923821695e-09, 7.226156351797761e-13, -1.334258027891644e-08, -1.3258441145397353e-07, 1.6275961438134379e-09, -1.0988738711347882e-11, 7.226156351797761e-13, 2.418204782769901e-09]"
1402416158042849567,,170303,,1402416158,5709886,/enu,/imu,,,,4.82013867834,20.8377768987,-25.518405908,,0.693299131575,-0.720252807798,-0.0186487586016,-0.0149810152883,"[0.02995881909585296, -0.004308379585101025, -0.004621079733102372, 5.860803049861149e-06, -4.678100114648338e-06, 9.380482585505439e-05, -0.004308379585101025, 0.034047206302214056, 0.0049194175857567475, -1.2373265287013853e-06, -1.5897881324589203e-06, 2.9066599168479035e-05, -0.004621079733102372, 0.0049194175857567475, 0.22616829452681178, -8.861449678602687e-06, 6.514917233221817e-06, -4.00512826866987e-05, 5.860803049861149e-06, -1.2373265287013853e-06, -8.861449678602687e-06, 5.430047174751862e-06, -2.488295923141507e-07, 3.31516001953796e-06, -4.678100114648338e-06, -1.5897881324589203e-06, 6.514917233221817e-06, -2.488295923141507e-07, 4.05182293284019e-06, -2.758725827207464e-06, 9.380482585505439e-05, 2.9066599168479035e-05, -4.00512826866987e-05, 3.31516001953796e-06, -2.758725827207464e-06, 0.00010675118501122017]",,,,2.38221352646,-0.380663456137,-0.0646660891543,,-0.00192157006841,0.0189652782755,-0.130281236454,"[0.00035863361664669705, 6.815719120161444e-05, -4.335048101275474e-05, -1.7049490005429221e-09, -1.778488028858075e-08, -1.337462550256695e-08, 6.815719120161444e-05, 0.0006470528687828549, 2.321703039259577e-05, -4.16412358005584e-10, -2.356566503620065e-09, -1.3282203300061525e-07, -4.335048101275474e-05, 2.321703039259577e-05, 0.00016976806330080236, 1.6162171042413718e-09, 4.008826797630714e-09, 1.6302467369602756e-09, -1.7049490005429221e-09, -4.16412358005584e-10, 1.6162171042413718e-09, 2.4204327547866776e-09, -5.69977280879971e-12, -1.0989443484276929e-11, -1.778488028858075e-08, -2.356566503620065e-09, 4.008826797630714e-09, -5.69977280879971e-12, 2.3937773435542653e-09, 7.226372963528812e-13, -1.337462550256695e-08, -1.3282203300061525e-07, 1.6302467369602756e-09, -1.0989443484276929e-11, 7.226372963528812e-13, 2.418199641503805e-09]"
1402416158042878592,,170304,,1402416158,16693115,/enu,/imu,,,,4.82337026452,20.8113100565,-25.518805266,,0.693831356492,-0.719744938777,-0.0184909029242,-0.0149451785396,"[0.029959283164666946, -0.004308583779070809, -0.004620150607518364, 5.848553222770607e-06, -4.501196356454341e-06, 9.405494919203639e-05, -0.004308583779070809, 0.03405113384670517, 0.0049204823422782104, -1.5753244427932024e-06, -1.5760331040250244e-06, 2.926018160820834e-05, -0.004620150607518364, 0.0049204823422782104, 0.2261848149071517, -8.900244683131262e-06, 6.522929220614698e-06, -4.009194458050464e-05, 5.848553222770607e-06, -1.5753244427932024e-06, -8.900244683131262e-06, 5.478196976659482e-06, -2.4884540128695115e-07, 3.3147277818121522e-06, -4.501196356454341e-06, -1.5760331040250244e-06, 6.522929220614698e-06, -2.4884540128695115e-07, 4.100101847426666e-06, -2.7593205596186785e-06, 9.405494919203639e-05, 2.926018160820834e-05, -4.009194458050464e-05, 3.3147277818121522e-06, -2.7593205596186785e-06, 0.00010678558633066177]",,,,2.38895771058,-0.389228662028,-0.0706829213281,,0.0134306639277,0.0249294590091,-0.128514109058,"[0.0003657501689300866, 6.890278804046806e-05, -4.4706792688041185e-05, -1.7335849474421773e-09, -1.8107208970278866e-08, -1.3409240140113776e-08, 6.890278804046806e-05, 0.0006527642122384209, 2.3257004872769012e-05, -1.8538226452505356e-10, -2.4032932118829384e-09, -1.3306134157798015e-07, -4.4706792688041185e-05, 2.3257004872769012e-05, 0.00017057070444735693, 1.628784811047024e-09, 4.08208489916937e-09, 1.6543931740276327e-09, -1.7335849474421773e-09, -1.8538226452505356e-10, 1.628784811047024e-09, 2.4204326566145135e-09, -5.699774924214993e-12, -1.0990152101272953e-11, -1.8107208970278866e-08, -2.4032932118829384e-09, 4.08208489916937e-09, -5.699774924214993e-12, 2.393777293864376e-09, 7.226592554145454e-13, -1.3409240140113776e-08, -1.3306134157798015e-07, 1.6543931740276327e-09, -1.0990152101272953e-11, 7.226592554145454e-13, 2.4181944977011643e-09]"
1402416158042902652,,170305,,1402416158,26693105,/enu,/imu,,,,4.82657371596,20.7873952227,-25.5194604265,,0.69433979869,-0.719251714704,-0.0186051610007,-0.0149352882207,"[0.029959750715453117, -0.004308749577982551, -0.004619365281629691, 5.837320033667944e-06, -4.3362044559335504e-06, 9.428477960467263e-05, -0.004308749577982551, 0.034054770069671905, 0.004921545251713929, -1.8884860549197203e-06, -1.5633990510556553e-06, 2.943748232102269e-05, -0.004619365281629691, 0.004921545251713929, 0.22619962481362693, -8.935814274357937e-06, 6.53007046641311e-06, -4.012877408916916e-05, 5.837320033667944e-06, -1.8884860549197203e-06, -8.935814274357937e-06, 5.5180862761952685e-06, -2.488615984575886e-07, 3.314299510873143e-06, -4.3362044559335504e-06, -1.5633990510556553e-06, 6.53007046641311e-06, -2.488615984575886e-07, 4.1401232785972975e-06, -2.7599272630780943e-06, 9.428477960467263e-05, 2.943748232102269e-05, -4.012877408916916e-05, 3.314299510873143e-06, -2.7599272630780943e-06, 0.0001068116023420726]",,,,2.39449505406,-0.383166268367,-0.0637831378454,,-0.020697699338,-0.0141690471171,-0.135141010587,"[0.00037225265002880937, 6.95905145486327e-05, -4.601294657205031e-05, -1.7596048574852023e-09, -1.8401516508236814e-08, -1.3430154864958028e-08, 6.95905145486327e-05, 0.0006579822234402864, 2.3427379797127932e-05, 2.7219016125073306e-11, -2.4493777915754705e-09, -1.3327968003809424e-07, -4.601294657205031e-05, 2.3427379797127932e-05, 0.00017129565615980378, 1.6407202815852971e-09, 4.155219863818308e-09, 1.6360877749622491e-09, -1.7596048574852023e-09, 2.7219016125073306e-11, 1.6407202815852971e-09, 2.4204325573911227e-09, -5.699777037210013e-12, -1.0990864928656712e-11, -1.8401516508236814e-08, -2.4493777915754705e-09, 4.155219863818308e-09, -5.699777037210013e-12, 2.3937772432672287e-09, 7.226815132456259e-13, -1.3430154864958028e-08, -1.3327968003809424e-07, 1.6360877749622491e-09, -1.0990864928656712e-11, 7.226815132456259e-13, 2.4181893513419323e-09]"
1402416158042927265,,170306,,1402416158,37689924,/enu,/imu,,,,4.82970352608,20.7884499993,-25.5071605367,,0.694729349363,-0.718954383964,-0.0165199385379,-0.0135209668057,"[0.02994110021902114, -0.004312760696094223, -0.004604680516750524, 5.633998793283073e-06, -5.0099791012574885e-06, 9.320320025495339e-05, -0.004312760696094223, 0.03403571280852591, 0.004934879306034011, -5.051921083645304e-07, -1.5582161078070196e-06, 2.9429172466141932e-05, -0.004604680516750524, 0.004934879306034011, 0.2260918155129218, -8.454406466362883e-06, 5.85200311584853e-06, -4.0607968504762926e-05, 5.633998793283073e-06, -5.051921083645304e-07, -8.454406466362883e-06, 5.2669777177522865e-06, -2.638072458541486e-07, 3.312571935534756e-06, -5.0099791012574885e-06, -1.5582161078070196e-06, 5.85200311584853e-06, -2.638072458541486e-07, 3.879913880105052e-06, -3.2146262829526244e-06, 9.320320025495339e-05, 2.9429172466141932e-05, -4.0607968504762926e-05, 3.312571935534756e-06, -3.2146262829526244e-06, 0.00010617132738339134]",,,,2.34849618763,-0.380074019995,-0.0668148052153,,0.0196164417561,0.0191888431968,-0.134367532095,"[0.0003407204229583924, 6.800972794430133e-05, -3.7172120328940824e-05, -1.6047310284798769e-09, -1.6800782255873323e-08, -1.3326756004263399e-08, 6.800972794430133e-05, 0.0006284445507561363, 2.2504380588971562e-05, -6.901976905636899e-10, -2.3942334108903255e-09, -1.3170924864683378e-07, -3.7172120328940824e-05, 2.2504380588971562e-05, 0.00016609736837291505, 1.5083725286561534e-09, 3.5970619881327e-09, 1.6149680148179262e-09, -1.6047310284798769e-09, -6.901976905636899e-10, 1.5083725286561534e-09, 2.4202975733486163e-09, -5.698672588939941e-12, -1.1163147237341603e-11, -1.6800782255873323e-08, -2.3942334108903255e-09, 3.5970619881327e-09, -5.698672588939941e-12, 2.3936793909312345e-09, 7.431178834054564e-13, -1.3326756004263399e-08, -1.3170924864683378e-07, 1.6149680148179262e-09, -1.1163147237341603e-11, 7.431178834054564e-13, 2.417960753360689e-09]"
1402416158082841928,,170307,,1402416158,47679901,/enu,/imu,,,,4.83268065867,20.7650120791,-25.5079306771,,0.695243852003,-0.718453909875,-0.0166522881924,-0.0135154332172,"[0.029941466988245794, -0.004312913644249233, -0.0046039374127261, 5.622130966834042e-06, -4.865560126595552e-06, 9.339687758861784e-05, -0.004312913644249233, 0.03403903083534863, 0.00493596701913121, -7.950701921543963e-07, -1.5467195462956748e-06, 2.959852276255353e-05, -0.0046039374127261, 0.00493596701913121, 0.22610650062709023, -8.488855260513607e-06, 5.8592512529950695e-06, -4.0643232785620936e-05, 5.622130966834042e-06, -7.950701921543963e-07, -8.488855260513607e-06, 5.306796815580358e-06, -2.638195582342747e-07, 3.3121513247142638e-06, -4.865560126595552e-06, -1.5467195462956748e-06, 5.8592512529950695e-06, -2.638195582342747e-07, 3.919860987255679e-06, -3.215106703328408e-06, 9.339687758861784e-05, 2.959852276255353e-05, -4.0643232785620936e-05, 3.3121513247142638e-06, -3.215106703328408e-06, 0.00010619766088469829]",,,,2.35244055863,-0.377207759236,-0.0530940311136,,-0.0224641602367,-0.0173693645975,-0.137018315028,"[0.00034676958858561013, 6.8690934620206e-05, -3.83710776596684e-05, -1.6282741579261181e-09, -1.7083386416763125e-08, -1.3346537463132037e-08, 6.8690934620206e-05, 0.0006334339530088907, 2.2674063743756188e-05, -4.926302612224198e-10, -2.4381743370853484e-09, -1.3195329774754015e-07, -3.83710776596684e-05, 2.2674063743756188e-05, 0.00016679546741619501, 1.519597426983293e-09, 3.6675667611878694e-09, 1.5942016169769375e-09, -1.6282741579261181e-09, -4.926302612224198e-10, 1.519597426983293e-09, 2.420297486958614e-09, -5.6986751092319816e-12, -1.1163803313796227e-11, -1.7083386416763125e-08, -2.4381743370853484e-09, 3.6675667611878694e-09, -5.6986751092319816e-12, 2.393679344325114e-09, 7.431337475135454e-13, -1.3346537463132037e-08, -1.3195329774754015e-07, 1.5942016169769375e-09, -1.1163803313796227e-11, 7.431337475135454e-13, 2.4179557440044143e-09]"
1402416158082874590,,170308,,1402416158,57678937,/enu,/imu,,,,4.83588112895,20.7413819617,-25.5084298321,,0.695718559926,-0.717997825308,-0.0165048509644,-0.013505484924,"[0.029941924861786085, -0.004313070863122428, -0.00460309958625955, 5.610139359273017e-06, -4.717330791364684e-06, 9.359198095538222e-05, -0.004313070863122428, 0.0340425312108691, 0.0049370784582010545, -1.090297055339828e-06, -1.5350522547622311e-06, 2.976784998161563e-05, -0.00460309958625955, 0.0049370784582010545, 0.2261209092112016, -8.523552228748377e-06, 5.866405428175711e-06, -4.0678711388008965e-05, 5.610139359273017e-06, -1.090297055339828e-06, -8.523552228748377e-06, 5.346686625327282e-06, -2.6383215747367685e-07, 3.311730949609332e-06, -4.717330791364684e-06, -1.5350522547622311e-06, 5.866405428175711e-06, -2.6383215747367685e-07, 3.959880410231902e-06, -3.215596935927373e-06, 9.359198095538222e-05, 2.976784998161563e-05, -4.0678711388008965e-05, 3.311730949609332e-06, -3.215596935927373e-06, 0.00010622406072513047]",,,,2.35768285027,-0.379689567048,-0.0677807352501,,0.0174074771582,0.0221709356569,-0.125752679914,"[0.00035296663620955256, 6.938930147613612e-05, -3.9536637253104725e-05, -1.6530358875939545e-09, -1.7369844486825747e-08, -1.3381311369566726e-08, 6.938930147613612e-05, 0.0006385118613370407, 2.2687904037249295e-05, -2.9216013264712893e-10, -2.4795664358800928e-09, -1.3219601454337815e-07, -3.9536637253104725e-05, 2.2687904037249295e-05, 0.000167448284907152, 1.530463435018998e-09, 3.732555465793977e-09, 1.6207201166020836e-09, -1.6530358875939545e-09, -2.9216013264712893e-10, 1.530463435018998e-09, 2.420297399674179e-09, -5.698677670105642e-12, -1.1164462977541808e-11, -1.7369844486825747e-08, -2.4795664358800928e-09, 3.732555465793977e-09, -5.698677670105642e-12, 2.3936792968960454e-09, 7.431498650625193e-13, -1.3381311369566726e-08, -1.3219601454337815e-07, 1.6207201166020836e-09, -1.1164462977541808e-11, 7.431498650625193e-13, 2.417950732098947e-09]"
1402416158082906080,,170309,,1402416158,68679094,/enu,/imu,,,,4.83928563017,20.715163,-25.5086008118,,0.696262054394,-0.717468838809,-0.0166151338557,-0.0134742077907,"[0.029942384199842173, -0.004313232447222202, -0.00460220978439913, 5.596838243576412e-06, -4.549917790455865e-06, 9.380872645694117e-05, -0.004313232447222202, 0.034046447435735934, 0.004938165914124734, -1.4208451507698637e-06, -1.5221348827793952e-06, 2.9958114427055085e-05, -0.00460220978439913, 0.004938165914124734, 0.22613734559438542, -8.561980274361763e-06, 5.8739932682893614e-06, -4.071805864593111e-05, 5.596838243576412e-06, -1.4208451507698637e-06, -8.561980274361763e-06, 5.394989352797066e-06, -2.6384497709775466e-07, 3.3113071138129956e-06, -4.549917790455865e-06, -1.5221348827793952e-06, 5.8739932682893614e-06, -2.6384497709775466e-07, 4.008313144948776e-06, -3.216097300925383e-06, 9.380872645694117e-05, 2.9958114427055085e-05, -4.071805864593111e-05, 3.3113071138129956e-06, -3.216097300925383e-06, 0.00010625898707577512]",,,,2.3610877312,-0.38351948017,-0.0531072761921,,-0.0209179008621,-0.00963801833534,-0.131937790419,"[0.00035990098511567845, 7.017860120056953e-05, -4.087183640142535e-05, -1.6803522437509315e-09, -1.7686432799337868e-08, -1.3410396734229195e-08, 7.017860120056953e-05, 0.000644252040634041, 2.2873409592291727e-05, -6.965830436550743e-11, -2.528635036350219e-09, -1.3246696449019524e-07, -4.087183640142535e-05, 2.2873409592291727e-05, 0.0001682798518368521, 1.54300558291607e-09, 3.809265668220917e-09, 1.5989201921083836e-09, -1.6803522437509315e-09, -6.965830436550743e-11, 1.54300558291607e-09, 2.420297311505678e-09, -5.698680241779897e-12, -1.1165126097141609e-11, -1.7686432799337868e-08, -2.528635036350219e-09, 3.809265668220917e-09, -5.698680241779897e-12, 2.3936792487233184e-09, 7.431662138645078e-13, -1.3410396734229195e-08, -1.3246696449019524e-07, 1.5989201921083836e-09, -1.1165126097141609e-11, 7.431662138645078e-13, 2.4179457180839704e-09]"
1402416158082931357,,170310,,1402416158,79674005,/enu,/imu,,,,4.84266491765,20.6891969647,-25.5093239532,,0.696804778939,-0.716939990353,-0.0167793707447,-0.0133642432244,"[0.029942906005708245, -0.004313414067022952, -0.004601268813255286, 5.583403864805266e-06, -4.378025523158075e-06, 9.402705984806394e-05, -0.004313414067022952, 0.03405039764472752, 0.004939444875239811, -1.7575697767262464e-06, -1.5089593474165156e-06, 3.014584479749629e-05, -0.004601268813255286, 0.004939444875239811, 0.22615334356718003, -8.600653185173747e-06, 5.881516290178006e-06, -4.0757358291673765e-05, 5.583403864805266e-06, -1.7575697767262464e-06, -8.600653185173747e-06, 5.4432437141594326e-06, -2.6385815605808403e-07, 3.3108837899091763e-06, -4.378025523158075e-06, -1.5089593474165156e-06, 5.881516290178006e-06, -2.6385815605808403e-07, 4.05669948310658e-06, -3.2166096680156262e-06, 9.402705984806394e-05, 3.014584479749629e-05, -4.0757358291673765e-05, 3.3108837899091763e-06, -3.2166096680156262e-06, 0.00010629385695641306]",,,,2.36841845389,-0.375677615975,-0.0696811614592,,-0.0379268608536,-0.00621413622129,-0.131496035309,"[0.0003669527400114159, 7.098567859704806e-05, -4.220244962181417e-05, -1.7083863837295768e-09, -1.8005283835281347e-08, -1.3439275621723095e-08, 7.098567859704806e-05, 0.000650079882628945, 2.3151700693346202e-05, 1.5480217634757125e-10, -2.579317109487523e-09, -1.327386990060159e-07, -4.220244962181417e-05, 2.3151700693346202e-05, 0.00016911954369721932, 1.5554257029588227e-09, 3.885136624239818e-09, 1.5517095720152274e-09, -1.7083863837295768e-09, 1.5480217634757125e-10, 1.5554257029588227e-09, 2.4202972223045587e-09, -5.698682845744205e-12, -1.1165793348651251e-11, -1.8005283835281347e-08, -2.579317109487523e-09, 3.885136624239818e-09, -5.698682845744205e-12, 2.3936791996929366e-09, 7.431828332916272e-13, -1.3439275621723095e-08, -1.327386990060159e-07, 1.5517095720152274e-09, -1.1165793348651251e-11, 7.431828332916272e-13, 2.4179407015251447e-09]"
1402416158122842977,,170311,,1402416158,89684009,/enu,/imu,,,,4.85530105455,20.7101736649,-25.5051191622,,0.698465025441,-0.715418187436,-0.0148424719365,-0.0101551144202,"[0.029924395477574924, -0.0043173930041719094, -0.004587020191683665, 5.398724479985007e-06, -5.024155189025769e-06, 9.306384358210147e-05, -0.0043173930041719094, 0.03403102740678578, 0.004952422843798088, -3.795010248181873e-07, -1.51956756272962e-06, 3.0108230053637954e-05, -0.004587020191683665, 0.004952422843798088, 0.2260453821761636, -8.11491711904887e-06, 5.293303441084734e-06, -4.105492175565944e-05, 5.398724479985007e-06, -3.795010248181873e-07, -8.11491711904887e-06, 5.195955907912767e-06, -2.753134226776678e-07, 3.3128906258057916e-06, -5.024155189025769e-06, -1.51956756272962e-06, 5.293303441084734e-06, -2.753134226776678e-07, 3.8167359102517715e-06, -3.59684382803906e-06, 9.306384358210147e-05, 3.0108230053637954e-05, -4.105492175565944e-05, 3.3128906258057916e-06, -3.59684382803906e-06, 0.00010579960615588785]",,,,2.29186140638,-0.381109275568,-0.0683474954968,,0.00724547164783,0.0232795861742,-0.127963506577,"[0.00033653724021933193, 7.270610330153161e-05, -3.250268020670082e-05, -1.6544678630584043e-09, -1.6455815157853526e-08, -1.4285264015353772e-08, 7.270610330153161e-05, 0.000607079733549458, 2.4264380315953294e-05, -4.2689455291551787e-10, -2.559335164004899e-09, -1.2924257155193722e-07, -3.250268020670082e-05, 2.4264380315953294e-05, 0.00016354640607950033, 1.4726366797226022e-09, 3.2188726839899007e-09, 1.0966245708133847e-09, -1.6544678630584043e-09, -4.2689455291551787e-10, 1.4726366797226022e-09, 2.420177270957929e-09, -5.6981254037616126e-12, -1.1307915481093504e-11, -1.6455815157853526e-08, -2.559335164004899e-09, 3.2188726839899007e-09, -5.6981254037616126e-12, 2.393585433665356e-09, 7.602795120767515e-13, -1.4285264015353772e-08, -1.2924257155193722e-07, 1.0966245708133847e-09, -1.1307915481093504e-11, 7.602795120767515e-13, 2.4177644535291143e-09]"
1402416158122869988,,170312,,1402416158,99666118,/enu,/imu,,,,4.85844293685,20.6872309835,-25.5054154156,,0.698971769421,-0.714923041839,-0.0149010518531,-0.0100731551363,"[0.029924815007075615, -0.004317533451321786, -0.004586286822753018, 5.386090785747874e-06, -4.88570622808512e-06, 9.322888413210235e-05, -0.004317533451321786, 0.03403445521696511, 0.004953435814210092, -6.639174987430556e-07, -1.5085467029021695e-06, 3.026819592522801e-05, -0.004586286822753018, 0.004953435814210092, 0.226059873377386, -8.148810239674745e-06, 5.300335045569092e-06, -4.108915528152773e-05, 5.386090785747874e-06, -6.639174987430556e-07, -8.148810239674745e-06, 5.235715517729772e-06, -2.753234063587374e-07, 3.3124776987357432e-06, -4.88570622808512e-06, -1.5085467029021695e-06, 5.300335045569092e-06, -2.753234063587374e-07, 3.856623102377553e-06, -3.5972488111823605e-06, 9.322888413210235e-05, 3.026819592522801e-05, -4.108915528152773e-05, 3.3124776987357432e-06, -3.5972488111823605e-06, 0.00010582616596378719]",,,,2.29523476293,-0.38755705579,-0.0559335699455,,-0.0220231899883,0.00395122915449,-0.135032201493,"[0.0003424814371121034, 7.343498470321669e-05, -3.3574257993466726e-05, -1.6786387670082552e-09, -1.6734824223893778e-08, -1.4309487710475974e-08, 7.343498470321669e-05, 0.0006120907215830156, 2.446192478114066e-05, -2.3560897624540443e-10, -2.6041275879778404e-09, -1.295106964350928e-07, -3.3574257993466726e-05, 2.446192478114066e-05, 0.00016419919912603455, 1.484016889967369e-09, 3.282074678815704e-09, 1.0721818464212704e-09, -1.6786387670082552e-09, -2.3560897624540443e-10, 1.484016889967369e-09, 2.420177192115588e-09, -5.69812829173524e-12, -1.1308535904818937e-11, -1.6734824223893778e-08, -2.6041275879778404e-09, 3.282074678815704e-09, -5.69812829173524e-12, 2.393585388275758e-09, 7.602905771745554e-13, -1.4309487710475974e-08, -1.295106964350928e-07, 1.0721818464212704e-09, -1.1308535904818937e-11, 7.602905771745554e-13, 2.417759544589697e-09]"
