rosbagTimestamp,header,seq,stamp,secs,nsecs,frame_id,child_frame_id,pose,pose,position,x,y,z,orientation,x,y,z,w,covariance,twist,twist,linear,x,y,z,angular,x,y,z,covariance
1402416437803143850,,243474,,1402416437,770061969,/enu,/base_link,,,,8.31607773011,29.3136653553,-23.3657276984,,-0.00066164655845,-0.0277873003557,-0.676291137612,-0.736109859566,"[0.025515771765165486, -0.00460117122852095, -0.0046019358335858416, 6.680847918163657e-07, 8.986893135631697e-06, -5.191433494293919e-05, -0.00460117122852095, 0.03331360768864814, -0.0006816545230105863, -4.603384866234922e-06, 1.171657023703643e-06, -1.4629010303106e-05, -0.0046019358335858416, -0.0006816545230105863, 0.22731465418864683, -2.3121849185238448e-07, -1.4622040860897547e-06, 1.4242039157628637e-05, 6.680847918163657e-07, -4.603384866234922e-06, -2.3121849185238448e-07, 4.460575776788504e-06, -7.827322352338444e-08, -2.0071226923973838e-06, 8.986893135631697e-06, 1.171657023703643e-06, -1.4622040860897547e-06, -7.827322352338444e-08, 4.993406906748312e-06, -3.787288782862566e-06, -5.191433494293919e-05, -1.4629010303106e-05, 1.4242039157628637e-05, -2.0071226923973838e-06, -3.787288782862566e-06, 0.00010350465718297104]",,,,-0.730502098144,-0.762308119907,-0.209677359215,,-0.0140944105197,0.0180915220169,-0.273938996747,"[0.0003044797017412688, -0.00010514321278380271, -9.325038301137232e-05, 5.627224181137987e-09, 1.1795343241712046e-08, -2.4789186091237304e-08, -0.00010514321278380271, 0.0004269907782997662, 7.35786979890471e-06, -1.679021304461529e-08, 1.736988525745883e-09, 5.549650867283215e-08, -9.325038301137232e-05, 7.35786979890471e-06, 0.0002249202932394142, 1.863549672477729e-09, -3.6473979056622058e-09, -4.510492098927924e-09, 5.627224181137987e-09, -1.679021304461529e-08, 1.863549672477729e-09, 2.084365794900978e-09, 4.18781861252264e-12, 1.0105616875723885e-11, 1.1795343241712046e-08, 1.736988525745883e-09, -3.6473979056622058e-09, 4.18781861252264e-12, 2.0633206268502265e-09, -3.4024890313386045e-14, -2.4789186091237304e-08, 5.549650867283215e-08, -4.510492098927924e-09, 1.0105616875723885e-11, -3.4024890313386045e-14, 2.077835619649189e-09]"
1402416437803169553,,243475,,1402416437,780066013,/enu,/base_link,,,,8.32310878028,29.3055886843,-23.3679298981,,-0.000660962425652,-0.0276351684705,-0.675271081471,-0.737051441299,"[0.025520398323581335, -0.004599048368868246, -0.004607201789664776, 6.556875045217027e-07, 9.278165014435869e-06, -5.2206269746416374e-05, -0.004599048368868246, 0.03331935059172749, -0.0006910442219504797, -4.83937149101432e-06, 1.1782416378747419e-06, -1.4331817242524635e-05, -0.004607201789664776, -0.0006910442219504797, 0.22734024200099, -2.2075460994017497e-07, -1.4717240740784845e-06, 1.4257783491316715e-05, 6.556875045217027e-07, -4.83937149101432e-06, -2.2075460994017497e-07, 4.500531795156228e-06, -7.826369542805069e-08, -2.0067014061311372e-06, 9.278165014435869e-06, 1.1782416378747419e-06, -1.4717240740784845e-06, -7.826369542805069e-08, 5.033457780920746e-06, -3.787949001774881e-06, -5.2206269746416374e-05, -1.4331817242524635e-05, 1.4257783491316715e-05, -2.0067014061311372e-06, -3.787949001774881e-06, 0.0001035316942271831]",,,,-0.730047858073,-0.762772189575,-0.214139823644,,-0.0150884400007,-0.0277442998158,-0.279682268932,"[0.00030994516860378946, -0.00010593533990890882, -9.354878891793675e-05, 5.721899707183431e-09, 1.1999564796188148e-08, -2.4874599183592747e-08, -0.00010593533990890882, 0.0004331062773817219, 6.614355923057922e-06, -1.7022362035705517e-08, 1.8057790394342802e-09, 5.562423958004647e-08, -9.354878891793675e-05, 6.614355923057922e-06, 0.00022538603031438612, 1.8874067961707903e-09, -3.6584507215011573e-09, -4.4986289815706876e-09, 5.721899707183431e-09, -1.7022362035705517e-08, 1.8874067961707903e-09, 2.0843657912344694e-09, 4.1878204433416194e-12, 1.0105504247372272e-11, 1.1999564796188148e-08, 1.8057790394342802e-09, -3.6584507215011573e-09, 4.1878204433416194e-12, 2.0633206004090007e-09, -3.3973070693244674e-14, -2.4874599183592747e-08, 5.562423958004647e-08, -4.4986289815706876e-09, 1.0105504247372272e-11, -3.3973070693244674e-14, 2.0778322028667416e-09]"
1402416437803400658,,243476,,1402416437,790066957,/enu,/base_link,,,,8.31964778111,29.278898315,-23.2993647243,,-0.000276953361106,-0.0281186334141,-0.674226848075,-0.737988768944,"[0.025505356022478436, -0.004602720340265614, -0.004602545219989627, 6.65968880430088e-07, 7.838708023595836e-06, -5.056571379348592e-05, -0.004602720340265614, 0.033302751350822786, -0.0006729119690052972, -3.6247524992811897e-06, 1.086453808560383e-06, -1.439426726123984e-05, -0.004602545219989627, -0.0006729119690052972, 0.22727740210322683, -3.6529024977281435e-07, -1.457757671370161e-06, 1.4272987975329124e-05, 6.65968880430088e-07, -3.6247524992811897e-06, -3.6529024977281435e-07, 4.281612952392077e-06, -9.085758245642365e-08, -1.9032218427606753e-06, 7.838708023595836e-06, 1.086453808560383e-06, -1.457757671370161e-06, -9.085758245642365e-08, 4.802491797229445e-06, -3.475472359448866e-06, -5.056571379348592e-05, -1.439426726123984e-05, 1.4272987975329124e-05, -1.9032218427606753e-06, -3.475472359448866e-06, 0.00010316637298110601]",,,,-0.715794402772,-0.774294003824,-0.212778399722,,-0.0181806630085,0.0129009241551,-0.276700198886,"[0.00028693486336967006, -0.00010367773017361087, -9.264028072749676e-05, 5.3374772967331395e-09, 1.0950059917465756e-08, -2.5274528123968266e-08, -0.00010367773017361087, 0.00039912515683621444, 9.640225566905675e-06, -1.5639177259044426e-08, 1.4698735345291536e-09, 5.3541454540748754e-08, -9.264028072749676e-05, 9.640225566905675e-06, 0.00022410687532425496, 1.7702018198442975e-09, -3.5585450534051274e-09, -4.3214101942414535e-09, 5.3374772967331395e-09, -1.5639177259044426e-08, 1.7702018198442975e-09, 2.084296116833577e-09, 4.1885169888160624e-12, 1.017647670661651e-11, 1.0950059917465756e-08, 1.4698735345291536e-09, -3.5585450534051274e-09, 4.1885169888160624e-12, 2.0632588340829057e-09, -6.92247432732485e-14, -2.5274528123968266e-08, 5.3541454540748754e-08, -4.3214101942414535e-09, 1.017647670661651e-11, -6.92247432732485e-14, 2.0777367290254535e-09]"
1402416437803460793,,243477,,1402416437,800065994,/enu,/base_link,,,,8.32660814592,29.2710312232,-23.3016100834,,-0.000123709324188,-0.0278805527713,-0.673206009708,-0.738929176557,"[0.025509702718462715, -0.004600634027964184, -0.004607694518954241, 6.531227721948976e-07, 8.109921642391477e-06, -5.083434914796752e-05, -0.004600634027964184, 0.0333082833248835, -0.0006822164406261803, -3.842023306915078e-06, 1.0938179599051742e-06, -1.410136924193471e-05, -0.004607694518954241, -0.0006822164406261803, 0.2273027701520857, -3.546321320583773e-07, -1.4673977342444153e-06, 1.4288690447759734e-05, 6.531227721948976e-07, -3.842023306915078e-06, -3.546321320583773e-07, 4.321536612586446e-06, -9.084783703997997e-08, -1.9028201027268397e-06, 8.109921642391477e-06, 1.0938179599051742e-06, -1.4673977342444153e-06, -9.084783703997997e-08, 4.842500981513102e-06, -3.476130900637529e-06, -5.083434914796752e-05, -1.410136924193471e-05, 1.4288690447759734e-05, -1.9028201027268397e-06, -3.476130900637529e-06, 0.00010319332399454061]",,,,-0.715745952506,-0.76910345976,-0.210814004698,,-0.0489955882439,-0.0199020617385,-0.28056585949,"[0.0002920505708568035, -0.00010441486180061528, -9.296207900203358e-05, 5.427151172419845e-09, 1.1147118646109034e-08, -2.535941840383344e-08, -0.00010441486180061528, 0.0004047777887999145, 8.976687003037993e-06, -1.5863353979870095e-08, 1.5351500519135978e-09, 5.3653817897283187e-08, -9.296207900203358e-05, 8.976687003037993e-06, 0.0002245624550015449, 1.7891948296315482e-09, -3.567747009220217e-09, -4.29289247124004e-09, 5.427151172419845e-09, -1.5863353979870095e-08, 1.7891948296315482e-09, 2.084296113230012e-09, 4.188519082065721e-12, 1.0176364925974868e-11, 1.1147118646109034e-08, 1.5351500519135978e-09, -3.567747009220217e-09, 4.188519082065721e-12, 2.0632588095535165e-09, -6.916900139857069e-14, -2.535941840383344e-08, 5.3653817897283187e-08, -4.29289247124004e-09, 1.0176364925974868e-11, -6.916900139857069e-14, 2.0777333012900058e-09]"
1402416437843512067,,243478,,1402416437,810069084,/enu,/base_link,,,,8.33362129106,29.2632322998,-23.3036794283,,5.57185299252e-05,-0.0279550281028,-0.672166321774,-0.739872251927,"[0.025514140291846135, -0.0045985367487039516, -0.00461293120583305, 6.402716503323261e-07, 8.386941833427997e-06, -5.1112804094122925e-05, -0.0045985367487039516, 0.03331387663813996, -0.0006915391868869763, -4.064460825158299e-06, 1.1010075233697314e-06, -1.3798200139933254e-05, -0.00461293120583305, -0.0006915391868869763, 0.22732836700929557, -3.4371382150584256e-07, -1.4773844846285299e-06, 1.4304392474342116e-05, 6.402716503323261e-07, -4.064460825158299e-06, -3.4371382150584256e-07, 4.361491193029056e-06, -9.083794827735652e-08, -1.902417122653199e-06, 8.386941833427997e-06, 1.1010075233697314e-06, -1.4773844846285299e-06, -9.083794827735652e-08, 4.882542124372549e-06, -3.4767989387753016e-06, -5.1112804094122925e-05, -1.3798200139933254e-05, 1.4304392474342116e-05, -1.902417122653199e-06, -3.4767989387753016e-06, 0.00010322030075791834]",,,,-0.708814400414,-0.784374139672,-0.189865705041,,-0.0106702144724,0.0297994305874,-0.283658386216,"[0.00029735943778179115, -0.00010520474586844072, -9.320592428315632e-05, 5.51775844377754e-09, 1.1347544670858557e-08, -2.544502611303839e-08, -0.00010520474586844072, 0.0004105202534369173, 8.184257747245234e-06, -1.608812799411385e-08, 1.6004388709302995e-09, 5.376370617147831e-08, -9.320592428315632e-05, 8.184257747245234e-06, 0.00022491930625104356, 1.8170858695908769e-09, -3.571930442396471e-09, -4.297564430540347e-09, 5.51775844377754e-09, -1.608812799411385e-08, 1.8170858695908769e-09, 2.084296109443284e-09, 4.188521237458194e-12, 1.0176251475269085e-11, 1.1347544670858557e-08, 1.6004388709302995e-09, -3.571930442396471e-09, 4.188521237458194e-12, 2.0632587845789572e-09, -6.911382584389026e-14, -2.544502611303839e-08, 5.376370617147831e-08, -4.297564430540347e-09, 1.0176251475269085e-11, -6.911382584389026e-14, 2.077729872687801e-09]"
1402416437843548504,,243479,,1402416437,821101903,/enu,/base_link,,,,8.34139171976,29.2543958505,-23.305788237,,6.95106533717e-05,-0.0277152503993,-0.671028951315,-0.74091295478,"[0.02551915474759442, -0.004596244150239419, -0.004618656517414776, 6.259157182332189e-07, 8.698119629113738e-06, -5.1417524594995596e-05, -0.004596244150239419, 0.033320118423342454, -0.0007018454635139427, -4.31511105688542e-06, 1.108986808469335e-06, -1.3460602192605338e-05, -0.004618656517414776, -0.0007018454635139427, 0.22735640424215486, -3.325025874274407e-07, -1.4884195891224045e-06, 1.4322212914733517e-05, 6.259157182332189e-07, -4.31511105688542e-06, -3.325025874274407e-07, 4.410113149170789e-06, -9.082784715533528e-08, -1.9020175381127954e-06, 8.698119629113738e-06, 1.108986808469335e-06, -1.4884195891224045e-06, -9.082784715533528e-08, 4.931252205350279e-06, -3.477478930568989e-06, -5.1417524594995596e-05, -1.3460602192605338e-05, 1.4322212914733517e-05, -1.9020175381127954e-06, -3.477478930568989e-06, 0.00010325603944755944]",,,,-0.710039915291,-0.781774198941,-0.201218804862,,-0.0252493186914,-0.0358065406011,-0.281338972584,"[0.00030322638446620787, -0.00010606507689198995, -9.354026297471796e-05, 5.620143727609506e-09, 1.1567847552182966e-08, -2.554258061902707e-08, -0.00010606507689198995, 0.00041700142405949576, 7.4107410886030485e-06, -1.6338323617491284e-08, 1.6741018145287889e-09, 5.3886439172123184e-08, -9.354026297471796e-05, 7.4107410886030485e-06, 0.00022549614049310966, 1.8412444524188071e-09, -3.584142940375269e-09, -4.2755754904420075e-09, 5.620143727609506e-09, -1.6338323617491284e-08, 1.8412444524188071e-09, 2.0842961055276083e-09, 4.188523391437759e-12, 1.0176135853396211e-11, 1.1567847552182966e-08, 1.6741018145287889e-09, -3.584142940375269e-09, 4.188523391437759e-12, 2.063258759197114e-09, -6.90593669766559e-14, -2.554258061902707e-08, 5.3886439172123184e-08, -4.2755754904420075e-09, 1.0176135853396211e-11, -6.90593669766559e-14, 2.0777264391578055e-09]"
1402416437843627045,,243480,,1402416437,831099987,/enu,/base_link,,,,8.34837991869,29.2467783598,-23.3083066596,,9.03992925215e-05,-0.0275213656343,-0.669961274374,-0.741885743967,"[0.025523764560591015, -0.004594068597529658, -0.004623955980260703, 6.128359077708586e-07, 8.984610343057877e-06, -5.1700518643452346e-05, -0.004594068597529658, 0.033325922746007444, -0.0007114047870451048, -4.546086022604433e-06, 1.1162922278343388e-06, -1.3152295216159843e-05, -0.004623955980260703, -0.0007114047870451048, 0.22738246781666943, -3.2169050637926334e-07, -1.4984566864709356e-06, 1.4338149966511315e-05, 6.128359077708586e-07, -4.546086022604433e-06, -3.2169050637926334e-07, 4.4500241610073984e-06, -9.08176408166354e-08, -1.9016116583092317e-06, 8.984610343057877e-06, 1.1162922278343388e-06, -1.4984566864709356e-06, -9.08176408166354e-08, 4.971252117904345e-06, -3.4781683110735825e-06, -5.1700518643452346e-05, -1.3152295216159843e-05, 1.4338149966511315e-05, -1.9016116583092317e-06, -3.4781683110735825e-06, 0.00010328295897558295]",,,,-0.704499302547,-0.789068428949,-0.209146333683,,-0.0231508108206,-0.0313886307054,-0.291168812201,"[0.0003086295279311081, -0.00010686500246076144, -9.38372957891874e-05, 5.715799064875599e-09, 1.1769553772023593e-08, -2.5636828571485034e-08, -0.00010686500246076144, 0.0004229078000972085, 6.686533391526946e-06, -1.6566502460833e-08, 1.743056857784651e-09, 5.399453652075663e-08, -9.38372957891874e-05, 6.686533391526946e-06, 0.0002259684818197728, 1.8638171663680368e-09, -3.5946534680682e-09, -4.2578298810705966e-09, 5.715799064875599e-09, -1.6566502460833e-08, 1.8638171663680368e-09, 2.084296101482064e-09, 4.188525791561947e-12, 1.0176017436550428e-11, 1.1769553772023593e-08, 1.743056857784651e-09, -3.5946534680682e-09, 4.188525791561947e-12, 2.063258733389724e-09, -6.900555338856265e-14, -2.5636828571485034e-08, 5.399453652075663e-08, -4.2578298810705966e-09, 1.0176017436550428e-11, -6.900555338856265e-14, 2.0777230058788647e-09]"
1402416437882866732,,243481,,1402416437,841101884,/enu,/base_link,,,,8.35986050324,29.2393125013,-23.2940658101,,0.000217869544021,-0.0282751328913,-0.668616783419,-0.743069354988,"[0.025508617567605224, -0.004597807958364408, -0.004619212388281174, 6.188573044906719e-07, 7.559439136297014e-06, -5.006664323585285e-05, -0.004597807958364408, 0.03330931095307846, -0.0006931005624033871, -3.37806969425142e-06, 1.0241985615324066e-06, -1.3237764628201784e-05, -0.004619212388281174, -0.0006931005624033871, 0.22731921481164385, -4.4463981230191224e-07, -1.4772379730197556e-06, 1.4340605000061223e-05, 6.188573044906719e-07, -3.37806969425142e-06, -4.4463981230191224e-07, 4.242746698012559e-06, -1.0191110593735911e-07, -1.7936403844379294e-06, 7.559439136297014e-06, 1.0241985615324066e-06, -1.4772379730197556e-06, -1.0191110593735911e-07, 4.749548715527698e-06, -3.175441339646025e-06, -5.006664323585285e-05, -1.3237764628201784e-05, 1.4340605000061223e-05, -1.7936403844379294e-06, -3.175441339646025e-06, 0.00010292165086582425]",,,,-0.684471833249,-0.810121863404,-0.178120675241,,-0.000397999995642,0.0262654486306,-0.28608856648,"[0.0002879654969982487, -0.00010524775402366053, -9.283673278956967e-05, 5.366366488897243e-09, 1.0804239497203308e-08, -2.6458064536597243e-08, -0.00010524775402366053, 0.00038944327186772837, 9.11291684903706e-06, -1.5235122877617887e-08, 1.426714906602598e-09, 5.1788235855452374e-08, -9.283673278956967e-05, 9.11291684903706e-06, 0.0002247324274341196, 1.78458616550686e-09, -3.4981964750577623e-09, -4.1508305545370335e-09, 5.366366488897243e-09, -1.5235122877617887e-08, 1.78458616550686e-09, 2.084228766443247e-09, 4.189260194044679e-12, 1.0244759298118331e-11, 1.0804239497203308e-08, 1.426714906602598e-09, -3.4981964750577623e-09, 4.189260194044679e-12, 2.0632001270313774e-09, -1.0436820240857319e-13, -2.6458064536597243e-08, 5.1788235855452374e-08, -4.1508305545370335e-09, 1.0244759298118331e-11, -1.0436820240857319e-13, 2.0776284754593374e-09]"
1402416437922824763,,243482,,1402416437,851099967,/enu,/base_link,,,,8.36721706694,29.2315140448,-23.2959175323,,0.000276372508827,-0.0280311815766,-0.667546980514,-0.744039787434,"[0.02551300400316451, -0.004595674716119669, -0.00462444616029301, 6.05349537658976e-07, 7.827744660471108e-06, -5.032683113268934e-05, -0.004595674716119669, 0.03331487985765007, -0.0007024292654985897, -3.5925444349187956e-06, 1.0320955130097855e-06, -1.2928109309464015e-05, -0.00462444616029301, -0.0007024292654985897, 0.2273447188536647, -4.3366176292494576e-07, -1.4876404951912168e-06, 1.435675702851048e-05, 6.05349537658976e-07, -3.5925444349187956e-06, -4.3366176292494576e-07, 4.282664889091236e-06, -1.019008384656871e-07, -1.7932542797080307e-06, 7.827744660471108e-06, 1.0320955130097855e-06, -1.4876404951912168e-06, -1.019008384656871e-07, 4.7895470192431984e-06, -3.1761298887644544e-06, -5.032683113268934e-05, -1.2928109309464015e-05, 1.435675702851048e-05, -1.7932542797080307e-06, -3.1761298887644544e-06, 0.00010294852842115964]",,,,-0.687218221542,-0.80612067364,-0.189250717125,,-0.035189044708,-0.0339285821936,-0.290948258987,"[0.00029303156127689597, -0.00010600612681406314, -9.313841359427776e-05, 5.4573602268309626e-09, 1.099868268885046e-08, -2.6551453548705858e-08, -0.00010600612681406314, 0.00039491206438149, 8.428153882417059e-06, -1.545505355475649e-08, 1.4916802352196316e-09, 5.1879396004306175e-08, -9.313841359427776e-05, 8.428153882417059e-06, 0.0002252118937291009, 1.8056556474906852e-09, -3.5082804730144468e-09, -4.125971174207207e-09, 5.4573602268309626e-09, -1.545505355475649e-08, 1.8056556474906852e-09, 2.084228762399246e-09, 4.1892627850724594e-12, 1.0244641589159115e-11, 1.099868268885046e-08, 1.4916802352196316e-09, -3.5082804730144468e-09, 4.1892627850724594e-12, 2.0632001029247482e-09, -1.0431037854582525e-13, -2.6551453548705858e-08, 5.1879396004306175e-08, -4.125971174207207e-09, 1.0244641589159115e-11, -1.0431037854582525e-13, 2.0776250312622143e-09]"
1402416437922850346,,243483,,1402416437,861063003,/enu,/base_link,,,,8.37438765826,29.2238102038,-23.297700624,,0.000364471569428,-0.0281133755329,-0.666468072537,-0.745003230574,"[0.02551748231737569, -0.004593581154837198, -0.004629653102266385, 5.91931827120687e-07, 8.100005199506302e-06, -5.0595643238915704e-05, -0.004593581154837198, 0.033320418722752425, -0.0007117821676128526, -3.8105837139025366e-06, 1.0398202751559446e-06, -1.2610110777663402e-05, -0.004629653102266385, -0.0007117821676128526, 0.22737024487316337, -4.224246951811911e-07, -1.4983488845128086e-06, 1.437287518366998e-05, 5.91931827120687e-07, -3.8105837139025366e-06, -4.224246951811911e-07, 4.322301593834615e-06, -1.0189043346871323e-07, -1.7928667358762496e-06, 8.100005199506302e-06, 1.0398202751559446e-06, -1.4983488845128086e-06, -1.0189043346871323e-07, 4.829264803592777e-06, -3.1768279429318427e-06, -5.0595643238915704e-05, -1.2610110777663402e-05, 1.437287518366998e-05, -1.7928667358762496e-06, -3.1768279429318427e-06, 0.00010297511551361635]",,,,-0.677392383376,-0.81970248293,-0.189453554939,,0.00401991119521,0.018644551948,-0.292936307722,"[0.00029827072955358486, -0.00010681273086561996, -9.335856497237293e-05, 5.5486441440308005e-09, 1.1196259971730697e-08, -2.664418438281633e-08, -0.00010681273086561996, 0.0004004478314239737, 7.6157013970026255e-06, -1.567520139390045e-08, 1.5562446773816027e-09, 5.196792646585587e-08, -9.335856497237293e-05, 7.6157013970026255e-06, 0.0002255845032352097, 1.8356683230906029e-09, -3.513087971128776e-09, -4.135446265926571e-09, 5.5486441440308005e-09, -1.567520139390045e-08, 1.8356683230906029e-09, 2.084228758208119e-09, 4.189265352562653e-12, 1.0244520690933529e-11, 1.1196259971730697e-08, 1.5562446773816027e-09, -3.513087971128776e-09, 4.189265352562653e-12, 2.0632000782933936e-09, -1.0425320253766101e-13, -2.664418438281633e-08, 5.196792646585587e-08, -4.135446265926571e-09, 1.0244520690933529e-11, -1.0425320253766101e-13, 2.077621585256618e-09]"
1402416437922873063,,243484,,1402416437,871066093,/enu,/base_link,,,,8.38171789385,29.2160545626,-23.2997173844,,0.000458116237632,-0.0278527803107,-0.665404795715,-0.745962780974,"[0.025522026964191945, -0.004591495679994652, -0.004634962407516527, 5.78260237985628e-07, 8.37716652031626e-06, -5.0863130285836e-05, -0.004591495679994652, 0.03332613810693652, -0.0007211524821701673, -4.033018520438047e-06, 1.0476798695061836e-06, -1.229044954499367e-05, -0.004634962407516527, -0.0007211524821701673, 0.22739586036252044, -4.1137134786597364e-07, -1.509024817027655e-06, 1.4389155168419238e-05, 5.78260237985628e-07, -4.033018520438047e-06, -4.1137134786597364e-07, 4.362256841577898e-06, -1.018798885198228e-07, -1.7924781162040081e-06, 8.37716652031626e-06, 1.0476798695061836e-06, -1.509024817027655e-06, -1.018798885198228e-07, 4.869302136156415e-06, -3.1775355876087e-06, -5.0863130285836e-05, -1.229044954499367e-05, 1.4389155168419238e-05, -1.7924781162040081e-06, -3.1775355876087e-06, 0.00010300201955071641]",,,,-0.680712712446,-0.818209073747,-0.208017247043,,-0.042589043989,-0.0317196280929,-0.288849730148,"[0.00030352208561550267, -0.00010757974222681534, -9.366222739090255e-05, 5.641933071245028e-09, 1.1394748570472305e-08, -2.6738199079686495e-08, -0.00010757974222681534, 0.0004060948772429863, 6.932568594534812e-06, -1.5899192788616543e-08, 1.6235365725100872e-09, 5.205969268143301e-08, -9.366222739090255e-05, 6.932568594534812e-06, 0.00022606145327104014, 1.8558297104725728e-09, -3.5226117104228006e-09, -4.107138277878388e-09, 5.641933071245028e-09, -1.5899192788616543e-08, 1.8558297104725728e-09, 2.0842287538505605e-09, 4.189268007819094e-12, 1.0244398655149674e-11, 1.1394748570472305e-08, 1.6235365725100872e-09, -3.5226117104228006e-09, 4.189268007819094e-12, 2.0632000532116413e-09, -1.0419669884560787e-13, -2.6738199079686495e-08, 5.205969268143301e-08, -4.107138277878388e-09, 1.0244398655149674e-11, -1.0419669884560787e-13, 2.0776181372457095e-09]"
1402416437922893878,,243485,,1402416437,882066011,/enu,/base_link,,,,8.38969906299,29.2074660612,-23.3017152727,,0.000585086488587,-0.0278590837117,-0.664221270809,-0.747016487458,"[0.025527131637723126, -0.004589170349436834, -0.004640715932670974, 5.632296340786852e-07, 8.688723547419023e-06, -5.116747353335141e-05, -0.004589170349436834, 0.03333244141988937, -0.0007316106790534376, -4.283690128700456e-06, 1.0562483037317756e-06, -1.1931165772396879e-05, -0.004640715932670974, -0.0007316106790534376, 0.2274244187752509, -3.9948581708647884e-07, -1.5209289018718259e-06, 1.440708876836808e-05, 5.632296340786852e-07, -4.283690128700456e-06, -3.9948581708647884e-07, 4.410589359157568e-06, -1.0186914650234739e-07, -1.7920926827529467e-06, 8.688723547419023e-06, 1.0562483037317756e-06, -1.5209289018718259e-06, -1.0186914650234739e-07, 4.917718232851633e-06, -3.1782549026541434e-06, -5.116747353335141e-05, -1.1931165772396879e-05, 1.440708876836808e-05, -1.7920926827529467e-06, -3.1782549026541434e-06, 0.00010303739203915931]",,,,-0.670845692051,-0.824528772591,-0.176383566701,,-0.0103382970793,0.0109132074645,-0.29061688345,"[0.0003095392832033386, -0.00010847427565767554, -9.391726211873956e-05, 5.745496631944118e-09, 1.1616068988316936e-08, -2.684200105740073e-08, -0.00010847427565767554, 0.0004124470323794361, 6.059451020851194e-06, -1.614590198296551e-08, 1.6977441346750825e-09, 5.215876698317514e-08, -9.391726211873956e-05, 6.059451020851194e-06, 0.00022653761266291925, 1.886214390591637e-09, -3.5282132226208647e-09, -4.107068167516404e-09, 5.745496631944118e-09, -1.614590198296551e-08, 1.886214390591637e-09, 2.0842287492953914e-09, 4.189270791826092e-12, 1.0244273939550654e-11, 1.1616068988316936e-08, 1.6977441346750825e-09, -3.5282132226208647e-09, 4.189270791826092e-12, 2.063200027829174e-09, -1.0414077653206347e-13, -2.684200105740073e-08, 5.215876698317514e-08, -4.107068167516404e-09, 1.0244273939550654e-11, -1.0414077653206347e-13, 2.0776146867197837e-09]"
1402416437922917167,,243486,,1402416437,892060995,/enu,/base_link,,,,8.31212887292,29.1370913886,-23.227453422,,0.00218181189242,-0.0219220189192,-0.666779656759,-0.744929227589,"[0.025511656670944925, -0.004592811497664186, -0.004635866528005137, 5.575983433421501e-07, 7.245469021147386e-06, -4.9434246864104315e-05, -0.004592811497664186, 0.033316053651881866, -0.0007134157277071112, -3.1293747355710065e-06, 9.658349106993442e-07, -1.2111678175721868e-05, -0.004635866528005137, -0.0007134157277071112, 0.2273610734470377, -5.066877887072426e-07, -1.4907937789350762e-06, 1.4400305149957106e-05, 5.575983433421501e-07, -3.1293747355710065e-06, -5.066877887072426e-07, 4.205539374373182e-06, -1.1259019572768177e-07, -1.6648868246115703e-06, 7.245469021147386e-06, 9.658349106993442e-07, -1.4907937789350762e-06, -1.1259019572768177e-07, 4.698208071264653e-06, -2.879198729969903e-06, -4.9434246864104315e-05, -1.2111678175721868e-05, 1.4400305149957106e-05, -1.6648868246115703e-06, -2.879198729969903e-06, 0.00010266415336890593]",,,,-0.757104272089,-0.704699755204,-0.186484758001,,-0.0122217352401,-0.024763326435,-0.290833166711,"[0.0002735149197942211, -9.630649721171494e-05, -9.757107322211814e-05, 4.994204808324184e-09, 1.0499389776781004e-08, -2.108312954348544e-08, -9.630649721171494e-05, 0.0003981939561262994, 1.5328696836554062e-05, -1.5067759982440493e-08, 1.203890499950144e-09, 5.455180940471751e-08, -9.757107322211814e-05, 1.5328696836554062e-05, 0.00022675668754636454, 1.2688086394739049e-09, -3.6379879448207678e-09, -2.987836515946445e-09, 4.994204808324184e-09, -1.5067759982440493e-08, 1.2688086394739049e-09, 2.0841620342451833e-09, 4.190212689497105e-12, 1.0311717595407134e-11, 1.0499389776781004e-08, 1.203890499950144e-09, -3.6379879448207678e-09, 4.190212689497105e-12, 2.06314255375707e-09, -1.4313345209517295e-13, -2.108312954348544e-08, 5.455180940471751e-08, -2.987836515946445e-09, 1.0311717595407134e-11, -1.4313345209517295e-13, 2.077517350701576e-09]"
1402416437967474963,,243487,,1402416437,902062892,/enu,/base_link,,,,8.31836552508,29.1287872474,-23.2292793899,,0.00214348087188,-0.0219772669137,-0.665674779458,-0.745915205115,"[0.025516118531138166, -0.004590729201097488, -0.004641137654338167, 5.434651042259527e-07, 7.509634893528542e-06, -4.9684775384572874e-05, -0.004590729201097488, 0.03332158078576502, -0.0007228042529393635, -3.340071312713184e-06, 9.744249677932093e-07, -1.178979286309381e-05, -0.004641137654338167, -0.0007228042529393635, 0.22738681962027363, -4.95374678071234e-07, -1.5017880334908842e-06, 1.4416776415695124e-05, 5.434651042259527e-07, -3.340071312713184e-06, -4.95374678071234e-07, 4.245490595600632e-06, -1.1257944773222475e-07, -1.6645249177086487e-06, 7.509634893528542e-06, 9.744249677932093e-07, -1.5017880334908842e-06, -1.1257944773222475e-07, 4.7382338098306665e-06, -2.8799199913332096e-06, -4.9684775384572874e-05, -1.178979286309381e-05, 1.4416776415695124e-05, -1.6645249177086487e-06, -2.8799199913332096e-06, 0.0001026910029508553]",,,,-0.752002508457,-0.713301580327,-0.185211895536,,0.0183722952754,-0.000796162608802,-0.298233154806,"[0.000278561504298429, -9.716240087524132e-05, -9.787903364427602e-05, 5.083481491639484e-09, 1.0694727009998236e-08, -2.119129564218798e-08, -9.716240087524132e-05, 0.00040362450092089173, 1.4623444226332477e-05, -1.5285462283732187e-08, 1.2641589558298465e-09, 5.464119226173522e-08, -9.787903364427602e-05, 1.4623444226332477e-05, 0.00022714823046367135, 1.2947017271374628e-09, -3.6475687331210715e-09, -2.9988225828798075e-09, 5.083481491639484e-09, -1.5285462283732187e-08, 1.2947017271374628e-09, 2.0841620297468163e-09, 4.190215669489225e-12, 1.031159293284791e-11, 1.0694727009998236e-08, 1.2641589558298465e-09, -3.6475687331210715e-09, 4.190215669489225e-12, 2.0631425298619323e-09, -1.4307289914336801e-13, -2.119129564218798e-08, 5.464119226173522e-08, -2.9988225828798075e-09, 1.031159293284791e-11, -1.4307289914336801e-13, 2.0775138919047814e-09]"
1402416437967506406,,243488,,1402416437,912060976,/enu,/base_link,,,,8.32446908204,29.1204577284,-23.2311603014,,0.00216337510603,-0.0218908320574,-0.664606790393,-0.746869416594,"[0.02552062492546501, -0.004588623881241302, -0.004646396816896759, 5.291969241753527e-07, 7.777809691246514e-06, -4.993574333559536e-05, -0.004588623881241302, 0.03332711523795609, -0.000732178622322051, -3.5544135380104837e-06, 9.830898318215805e-07, -1.1466451925531628e-05, -0.004646396816896759, -0.000732178622322051, 0.22741259070933928, -4.841513873656712e-07, -1.5127353098410374e-06, 1.4433017930913633e-05, 5.291969241753527e-07, -3.5544135380104837e-06, -4.841513873656712e-07, 4.28540980369514e-06, -1.1256856923203745e-07, -1.6641616441838691e-06, 7.777809691246514e-06, 9.830898318215805e-07, -1.5127353098410374e-06, -1.1256856923203745e-07, 4.778228466435408e-06, -2.8806508501722416e-06, -4.993574333559536e-05, -1.1466451925531628e-05, 1.4433017930913633e-05, -1.6641616441838691e-06, -2.8806508501722416e-06, 0.0001027178145521748]",,,,-0.75233999152,-0.71388460468,-0.200220284615,,-0.00935009257208,-0.0140498945509,-0.288734636283,"[0.000283652724257214, -9.798620748987475e-05, -9.821709768092411e-05, 5.172810184213726e-09, 1.089160304125008e-08, -2.1295516783004257e-08, -9.798620748987475e-05, 0.0004091466743131154, 1.3981424447870096e-05, -1.550583617304184e-08, 1.3256489382536016e-09, 5.473321700523161e-08, -9.821709768092411e-05, 1.3981424447870096e-05, 0.00022757391191477257, 1.315841227329567e-09, -3.6581259096464186e-09, -2.991788439691234e-09, 5.172810184213726e-09, -1.550583617304184e-08, 1.315841227329567e-09, 2.084162025088552e-09, 4.190218730092291e-12, 1.031146671444865e-11, 1.089160304125008e-08, 1.3256489382536016e-09, -3.6581259096464186e-09, 4.190218730092291e-12, 2.063142505580377e-09, -1.4301300991594445e-13, -2.1295516783004257e-08, 5.473321700523161e-08, -2.991788439691234e-09, 1.031146671444865e-11, -1.4301300991594445e-13, 2.0775104305404834e-09]"
1402416437967652374,,243489,,1402416437,922060966,/enu,/base_link,,,,8.33054993271,29.1121854628,-23.2332066919,,0.00223972524972,-0.021749311769,-0.663523022175,-0.747836312378,"[0.025525143589027795, -0.004586521577445692, -0.004651684931496022, 5.14811770722642e-07, 8.050212206898516e-06, -5.018926176655064e-05, -0.004586521577445692, 0.03333279098256914, -0.0007416110875882232, -3.7725128345956912e-06, 9.918981455009066e-07, -1.1143038906470017e-05, -0.004651684931496022, -0.0007416110875882232, 0.22743831608538925, -4.729324179409653e-07, -1.5236299805481458e-06, 1.4449318380050143e-05, 5.14811770722642e-07, -3.7725128345956912e-06, -4.729324179409653e-07, 4.3253427580757385e-06, -1.1255755645272926e-07, -1.6637971353402086e-06, 8.050212206898516e-06, 9.918981455009066e-07, -1.5236299805481458e-06, -1.1255755645272926e-07, 4.818237807328834e-06, -2.8813913777907684e-06, -5.018926176655064e-05, -1.1143038906470017e-05, 1.4449318380050143e-05, -1.6637971353402086e-06, -2.8813913777907684e-06, 0.00010274463451841679]",,,,-0.748999796968,-0.716184190468,-0.20703540138,,-0.0250336743245,-0.0148230294323,-0.293152534992,"[0.0002888433952743274, -9.880894734973431e-05, -9.857018904087836e-05, 5.264136891631044e-09, 1.109030419251114e-08, -2.140298505376221e-08, -9.880894734973431e-05, 0.0004147421278503236, 1.3358894309405108e-05, -1.572802686610412e-08, 1.3893588772536895e-09, 5.482460792610084e-08, -9.857018904087836e-05, 1.3358894309405108e-05, 0.00022800566709847665, 1.334595566145864e-09, -3.668456811572455e-09, -2.9759262568592022e-09, 5.264136891631044e-09, -1.572802686610412e-08, 1.334595566145864e-09, 2.0841620202597553e-09, 4.190221897084047e-12, 1.0311337596631411e-11, 1.109030419251114e-08, 1.3893588772536895e-09, -3.668456811572455e-09, 4.190221897084047e-12, 2.063142480895635e-09, -1.429537893191745e-13, -2.140298505376221e-08, 5.482460792610084e-08, -2.9759262568592022e-09, 1.0311337596631411e-11, -1.429537893191745e-13, 2.0775069679462455e-09]"
1402416437971090181,,243490,,1402416437,932063102,/enu,/base_link,,,,8.33671290708,29.1037154872,-23.2350553486,,0.00225912858452,-0.0215987395502,-0.662422015348,-0.748816041742,"[0.025529817575917386, -0.004584382817103983, -0.004657042530610264, 5.003167158813319e-07, 8.32708780984347e-06, -5.044525110750981e-05, -0.004584382817103983, 0.03333844155232185, -0.0007510070424996706, -3.994643661411306e-06, 1.0007759566979232e-06, -1.0816442296570807e-05, -0.004657042530610264, -0.0007510070424996706, 0.22746425686925742, -4.617260722156189e-07, -1.534615655896582e-06, 1.446583614037784e-05, 5.003167158813319e-07, -3.994643661411306e-06, -4.617260722156189e-07, 4.365291365686569e-06, -1.1254640921801141e-07, -1.6634314231181977e-06, 8.32708780984347e-06, 1.0007759566979232e-06, -1.534615655896582e-06, -1.1254640921801141e-07, 4.858263742752547e-06, -2.8821415772322393e-06, -5.044525110750981e-05, -1.0816442296570807e-05, 1.446583614037784e-05, -1.6634314231181977e-06, -2.8821415772322393e-06, 0.00010277146480317834]",,,,-0.74720895076,-0.719843940855,-0.210777795289,,-0.017633673828,-0.0237692986933,-0.297018195412,"[0.00029411784642251426, -9.965197057859701e-05, -9.89209598689959e-05, 5.357569435555593e-09, 1.129042132139754e-08, -2.151376216448442e-08, -9.965197057859701e-05, 0.00042041872752971094, 1.2722552196730383e-05, -1.5951651915718982e-08, 1.4543878565353912e-09, 5.491477256516334e-08, -9.89209598689959e-05, 1.2722552196730383e-05, 0.00022845325737244545, 1.354030536572188e-09, -3.679796644976302e-09, -2.96217011377349e-09, 5.357569435555593e-09, -1.5951651915718982e-08, 1.354030536572188e-09, 2.08416201519516e-09, 4.1902251276032275e-12, 1.0311206243487153e-11, 1.129042132139754e-08, 1.4543878565353912e-09, -3.679796644976302e-09, 4.1902251276032275e-12, 2.0631424557690148e-09, -1.428952016488635e-13, -2.151376216448442e-08, 5.491477256516334e-08, -2.96217011377349e-09, 1.0311206243487153e-11, -1.428952016488635e-13, 2.077503503183255e-09]"
1402416437971120358,,243491,,1402416437,942060947,/enu,/base_link,,,,8.22490918085,28.9794316011,-23.0671870444,,0.00319597313239,-0.0140688732295,-0.665051641727,-0.746657998282,"[0.025514374356113586, -0.004588073369455501, -0.004652032239194328, 5.014324856407718e-07, 6.93183964693723e-06, -4.8781097253306787e-05, -0.004588073369455501, 0.03332224950705237, -0.0007328304858603629, -2.896806528296255e-06, 9.105104584809956e-07, -1.0966961119673713e-05, -0.004652032239194328, -0.0007328304858603629, 0.2274006620946731, -5.546061294335802e-07, -1.501459474384836e-06, 1.4448499589615487e-05, 5.014324856407718e-07, -2.896806528296255e-06, -5.546061294335802e-07, 4.175973513012806e-06, -1.2075301842963873e-07, -1.5489825677413318e-06, 6.93183964693723e-06, 9.105104584809956e-07, -1.501459474384836e-06, -1.2075301842963873e-07, 4.653661958630624e-06, -2.609292683944603e-06, -4.8781097253306787e-05, -1.0966961119673713e-05, 1.4448499589615487e-05, -1.5489825677413318e-06, -2.609292683944603e-06, 0.00010244396209171037]",,,,-0.870318428954,-0.583165400598,-0.186709355478,,-0.00184656419745,-0.00190398316948,-0.296461251841,"[0.0002590039413800554, -8.48758858852781e-05, -0.0001028180539712885, 4.602667877771162e-09, 1.0149373894209344e-08, -1.4766209693319058e-08, -8.48758858852781e-05, 0.00041638803690175624, 2.236074527048442e-05, -1.4963664394391543e-08, 9.262004630847216e-10, 5.94818334484839e-08, -0.0001028180539712885, 2.236074527048442e-05, 0.0002302606234636695, 6.86853527907456e-10, -3.904858777504436e-09, -1.7966418819324083e-09, 4.602667877771162e-09, -1.4963664394391543e-08, 6.86853527907456e-10, 2.084099055982396e-09, 4.190997301874648e-12, 1.037302023158917e-11, 1.0149373894209344e-08, 9.262004630847216e-10, -3.904858777504436e-09, 4.190997301874648e-12, 2.063088852772736e-09, -1.7786190997417053e-13, -1.4766209693319058e-08, 5.94818334484839e-08, -1.7966418819324083e-09, 1.037302023158917e-11, -1.7786190997417053e-13, 2.077416992096382e-09]"
1402416438010833640,,243492,,1402416437,952061891,/enu,/base_link,,,,8.22957708566,28.9698961753,-23.0686127759,,0.00306264539004,-0.0140520794161,-0.663965147734,-0.747625201463,"[0.025518819100184425, -0.004585943655555591, -0.004657401381121695, 4.866388523656006e-07, 7.190771596631332e-06, -4.9011002624904365e-05, -0.004585943655555591, 0.033327786875315235, -0.0007423140867120395, -3.1031847658895137e-06, 9.199446187424258e-07, -1.0644346571721413e-05, -0.004657401381121695, -0.0007423140867120395, 0.2274266140930492, -5.434327948451743e-07, -1.5124638412494302e-06, 1.4464836184862924e-05, 4.866388523656006e-07, -3.1031847658895137e-06, -5.434327948451743e-07, 4.2159192434663825e-06, -1.207419126296101e-07, -1.5486437740297167e-06, 7.190771596631332e-06, 9.199446187424258e-07, -1.5124638412494302e-06, -1.207419126296101e-07, 4.6936772131064855e-06, -2.6100463522803865e-06, -4.9011002624904365e-05, -1.0644346571721413e-05, 1.4464836184862924e-05, -1.5486437740297167e-06, -2.6100463522803865e-06, 0.00010247074581305158]",,,,-0.872975490191,-0.584716170308,-0.181170517694,,0.0213474662896,-0.0223368195545,-0.292926911301,"[0.0002638805891707194, -8.577968440378176e-05, -0.00010324953059590996, 4.689326337987724e-09, 1.0344106108538951e-08, -1.488928636857644e-08, -8.577968440378176e-05, 0.0004218241349101532, 2.1792642311360303e-05, -1.5181023283339482e-08, 9.824446806290726e-10, 5.957905889848996e-08, -0.00010324953059590996, 2.1792642311360303e-05, 0.00023068702243768505, 7.061733767216301e-10, -3.920679476608655e-09, -1.806167292577912e-09, 4.689326337987724e-09, -1.5181023283339482e-08, 7.061733767216301e-10, 2.084099050991436e-09, 4.191000747450326e-12, 1.0372889601914422e-11, 1.0344106108538951e-08, 9.824446806290726e-10, -3.920679476608655e-09, 4.191000747450326e-12, 2.063088829100056e-09, -1.7779912935357322e-13, -1.488928636857644e-08, 5.957905889848996e-08, -1.806167292577912e-09, 1.0372889601914422e-11, -1.7779912935357322e-13, 2.0774135183454644e-09]"
