rosbagTimestamp,header,seq,stamp,secs,nsecs,frame_id,child_frame_id,pose,pose,position,x,y,z,orientation,x,y,z,w,covariance,twist,twist,linear,x,y,z,angular,x,y,z,covariance
1402416126043113653,,213351,,1402416126,6967067,/enu,/base_link,,,,5.02948737139,22.0359133616,-27.5047407126,,0.00879364609928,0.00895381937329,-0.534037195295,-0.84536783411,"[0.033499917002715894, -0.004725699956309767, 0.0009270077755280544, 6.262080237134153e-06, -1.9312440880124672e-05, -0.0002669262878139341, -0.004725699956309767, 0.03747070947365898, 0.0074168519004197435, 1.3947157976560829e-05, -4.097373864720659e-06, 0.00012652456101056354, 0.0009270077755280544, 0.0074168519004197435, 0.2239382320299347, -3.039980080403499e-06, 1.0037420390063866e-06, 2.2925573701864835e-05, 6.262080237134153e-06, 1.3947157976560829e-05, -3.039980080403499e-06, 4.028340762532351e-06, -2.529534804192288e-07, -4.963666843252036e-07, -1.9312440880124672e-05, -4.097373864720659e-06, 1.0037420390063866e-06, -2.529534804192288e-07, 4.238548179738416e-06, 6.218211687320059e-07, -0.0002669262878139341, 0.00012652456101056354, 2.2925573701864835e-05, -4.963666843252036e-07, 6.218211687320059e-07, 0.00011706549167357084]",,,,1.75869911268,0.656726624616,0.251307608245,,0.0212647466853,-0.0287099220536,0.0279852320054,"[0.00024208263221818738, -0.00015769971924810833, -4.737850682710103e-05, -3.6047029789256403e-09, 1.1186555421895001e-08, 4.430281654675265e-08, -0.00015769971924810833, 0.0005069237712583507, 5.396482169109647e-06, 2.351790580153284e-09, -2.6779973218111257e-09, -1.194602713976922e-07, -4.737850682710103e-05, 5.396482169109647e-06, 0.0002582472739634629, -1.6624531211269614e-09, 2.5382602286845246e-09, -1.6479119056365646e-09, -3.6047029789256403e-09, 2.351790580153284e-09, -1.6624531211269614e-09, 2.4662499137627198e-09, 5.920845991265588e-12, 9.916518845169627e-12, 1.1186555421895001e-08, -2.6779973218111257e-09, 2.5382602286845246e-09, 5.920845991265588e-12, 2.4385702922804973e-09, 7.467770229785628e-13, 4.430281654675265e-08, -1.194602713976922e-07, -1.6479119056365646e-09, 9.916518845169627e-12, 7.467770229785628e-13, 2.4678410697707337e-09]"
1402416126043164072,,213352,,1402416126,16987085,/enu,/base_link,,,,5.03090801866,22.0549957227,-27.5025799128,,0.00899258347479,0.00897486803634,-0.534209097939,-0.845256898738,"[0.033498473438903255, -0.004725012217017363, 0.0009233225435743822, 6.239113726333055e-06, -1.9114156380627198e-05, -0.00026688636440414594, -0.004725012217017363, 0.03747186980985654, 0.007408136832495707, 1.3773271911244702e-05, -4.075785159772891e-06, 0.00012647447212730818, 0.0009233225435743822, 0.007408136832495707, 0.2239681600194866, -3.0335272715359243e-06, 1.002074937768942e-06, 2.2937799748528138e-05, 6.239113726333055e-06, 1.3773271911244702e-05, -3.0335272715359243e-06, 4.068459270034113e-06, -2.5294281696495305e-07, -4.9620914859416e-07, -1.9114156380627198e-05, -4.075785159772891e-06, 1.002074937768942e-06, -2.5294281696495305e-07, 4.2786724734096164e-06, 6.204412785583438e-07, -0.00026688636440414594, 0.00012647447212730818, 2.2937799748528138e-05, -4.9620914859416e-07, 6.204412785583438e-07, 0.0001170865310275591]",,,,1.76207124265,0.662072935892,0.247926986807,,-0.0358367472592,0.017125900021,0.0378151027634,"[0.00024597961026491094, -0.00015818163125148616, -4.683048409082153e-05, -3.6005458813425143e-09, 1.1427620445123372e-08, 4.430379530579466e-08, -0.00015818163125148616, 0.0005106956119150223, 5.761594454298508e-06, 2.127781474076426e-09, -2.7036366074499738e-09, -1.195180307538762e-07, -4.683048409082153e-05, 5.761594454298508e-06, 0.00025874371728253016, -1.6841154493026081e-09, 2.58018474735585e-09, -1.6835570204629646e-09, -3.6005458813425143e-09, 2.127781474076426e-09, -1.6841154493026081e-09, 2.466249888713882e-09, 5.920873999040355e-12, 9.916871117538765e-12, 1.1427620445123372e-08, -2.7036366074499738e-09, 2.58018474735585e-09, 5.920873999040355e-12, 2.4385702566591657e-09, 7.464786789651737e-13, 4.430379530579466e-08, -1.195180307538762e-07, -1.6835570204629646e-09, 9.916871117538765e-12, 7.464786789651737e-13, 2.4678339181147795e-09]"
1402416126043188412,,213353,,1402416126,26937007,/enu,/base_link,,,,5.0321271848,22.0735824003,-27.5001573875,,0.00916334830853,0.00900207234575,-0.534350708171,-0.845165259827,"[0.033497094477784616, -0.004724301845342442, 0.0009196570136739871, 6.216092505199356e-06, -1.8913730046903986e-05, -0.0002668472818497341, -0.004724301845342442, 0.037473063954879274, 0.0073994135353512795, 1.3597321789930137e-05, -4.054194367561765e-06, 0.00012641782291078008, 0.0009196570136739871, 0.0073994135353512795, 0.22399796350347556, -3.0270736193253444e-06, 1.0006687419047195e-06, 2.2949672899635782e-05, 6.216092505199356e-06, 1.3597321789930137e-05, -3.0270736193253444e-06, 4.108016204730845e-06, -2.5293203117177917e-07, -4.960496084783901e-07, -1.8913730046903986e-05, -4.054194367561765e-06, 1.0006687419047195e-06, -2.5293203117177917e-07, 4.318235511662628e-06, 6.190504688552423e-07, -0.0002668472818497341, 0.00012641782291078008, 2.2949672899635782e-05, -4.960496084783901e-07, 6.190504688552423e-07, 0.00011710699454039214]",,,,1.7599976512,0.672053342133,0.229666047188,,-0.0319710765425,0.013260229203,0.0309673604811,"[0.00024994347411817926, -0.00015868535033921027, -4.627148564607628e-05, -3.5967979604870893e-09, 1.167004084894488e-08, 4.4313091196993136e-08, -0.00015868535033921027, 0.0005144890965016778, 6.123805188874621e-06, 1.902191439727189e-09, -2.7284226495063804e-09, -1.1957204528424952e-07, -4.627148564607628e-05, 6.123805188874621e-06, 0.0002592375046885689, -1.7060195792497913e-09, 2.6214932712643626e-09, -1.7160944379991133e-09, -3.5967979604870893e-09, 1.902191439727189e-09, -1.7060195792497913e-09, 2.4662498638195437e-09, 5.920902267359719e-12, 9.917219758513113e-12, 1.167004084894488e-08, -2.7284226495063804e-09, 2.6214932712643626e-09, 5.920902267359719e-12, 2.4385702204496334e-09, 7.461782696048524e-13, 4.4313091196993136e-08, -1.1957204528424952e-07, -1.7160944379991133e-09, 9.917219758513113e-12, 7.461782696048524e-13, 2.467826764297874e-09]"
1402416126043284709,,213354,,1402416126,38074016,/enu,/base_link,,,,5.05158401679,22.0681008751,-27.3957377287,,0.0108938243911,0.0117092626388,-0.534467011735,-0.845038005728,"[0.0334666822211123, -0.004734273623404492, 0.0009283520803378739, 6.013415359816028e-06, -1.761626708719185e-05, -0.0002665892519473286, -0.004734273623404492, 0.037440550636218595, 0.007434358490485674, 1.256001405987017e-05, -3.855150976807615e-06, 0.00012625678234049904, 0.0009283520803378739, 0.007434358490485674, 0.22384997573060375, -2.953074996808062e-06, 9.753574533416204e-07, 2.278621983339515e-05, 6.013415359816028e-06, 1.256001405987017e-05, -2.953074996808062e-06, 3.923263485218686e-06, -2.4921172481867825e-07, -5.02822359103564e-07, -1.761626708719185e-05, -3.855150976807615e-06, 9.753574533416204e-07, -2.4921172481867825e-07, 4.129169155444144e-06, 6.147295586518417e-07, -0.0002665892519473286, 0.00012625678234049904, 2.278621983339515e-05, -5.02822359103564e-07, 6.147295586518417e-07, 0.00011713489803159206]",,,,1.73134398777,0.713722125239,0.265546783372,,0.0207089749514,-0.0216429302103,0.0259972346587,"[0.00024085306500884742, -0.00016553697440057909, -5.023741235026434e-05, -3.994369205890304e-09, 1.058386793756826e-08, 4.821374155012441e-08, -0.00016553697440057909, 0.0004864159105257749, 7.682112864489171e-06, 2.738573150944776e-09, -2.5885318287837244e-09, -1.174475563634344e-07, -5.023741235026434e-05, 7.682112864489171e-06, 0.0002555821157150505, -1.7034890530838734e-09, 2.2834940012211485e-09, -2.533148938336599e-09, -3.994369205890304e-09, 2.738573150944776e-09, -1.7034890530838734e-09, 2.4661668028002506e-09, 5.91977600353834e-12, 9.915971256204881e-12, 1.058386793756826e-08, -2.5885318287837244e-09, 2.2834940012211485e-09, 5.91977600353834e-12, 2.438484095200609e-09, 7.463492265699603e-13, 4.821374155012441e-08, -1.174475563634344e-07, -2.533148938336599e-09, 9.915971256204881e-12, 7.463492265699603e-13, 2.4678190454494834e-09]"
1402416126083526419,,213355,,1402416126,47939062,/enu,/base_link,,,,5.05217115681,22.0866545191,-27.3932501848,,0.0110630339733,0.0117499224845,-0.534608546349,-0.844945708771,"[0.03346543861017117, -0.004733552324282041, 0.0009248016626229978, 5.991551617046436e-06, -1.743157586434323e-05, -0.0002665528049532112, -0.004733552324282041, 0.03744186920717088, 0.007425838202545091, 1.2398520573601394e-05, -3.834642529499606e-06, 0.00012619988731233078, 0.0009248016626229978, 0.007425838202545091, 0.2238791859903273, -2.946469279499609e-06, 9.738181382341939e-07, 2.2797660285645223e-05, 5.991551617046436e-06, 1.2398520573601394e-05, -2.946469279499609e-06, 3.962151938047713e-06, -2.492013474647406e-07, -5.026704211760872e-07, -1.743157586434323e-05, -3.834642529499606e-06, 9.738181382341939e-07, -2.492013474647406e-07, 4.168062922421979e-06, 6.133827314718199e-07, -0.0002665528049532112, 0.00012619988731233078, 2.2797660285645223e-05, -5.026704211760872e-07, 6.133827314718199e-07, 0.0001171546630264343]",,,,1.73130234828,0.727799346831,0.254236093283,,-0.03341042948,0.010828712685,0.0310778522068,"[0.0002445035452691631, -0.000166023656741341, -4.973829133829386e-05, -3.990030986148835e-09, 1.0814898961084236e-08, 4.8224114323731994e-08, -0.000166023656741341, 0.0004899053720350339, 8.067682909178292e-06, 2.5241409329199407e-09, -2.6120128778682836e-09, -1.1750157982773936e-07, -4.973829133829386e-05, 8.067682909178292e-06, 0.0002560713711304787, -1.7274556885295992e-09, 2.3227344222867707e-09, -2.567056172165201e-09, -3.990030986148835e-09, 2.5241409329199407e-09, -1.7274556885295992e-09, 2.4661667773297767e-09, 5.919803243978049e-12, 9.916332391398555e-12, 1.0814898961084236e-08, -2.6120128778682836e-09, 2.3227344222867707e-09, 5.919803243978049e-12, 2.4384840614330246e-09, 7.460581979160355e-13, 4.8224114323731994e-08, -1.1750157982773936e-07, -2.567056172165201e-09, 9.916332391398555e-12, 7.460581979160355e-13, 2.4678118870843785e-09]"
1402416126083556612,,213356,,1402416126,57923078,/enu,/base_link,,,,5.0529281379,22.105399491,-27.3907736559,,0.0108991589691,0.0117764815461,-0.534766747048,-0.844847352525,"[0.03346422223512075, -0.0047328503036513725, 0.0009211275533089466, 5.969159337646765e-06, -1.7240684154159504e-05, -0.00026650925885826485, -0.0047328503036513725, 0.03744321438460237, 0.007417162995856841, 1.2231334453689155e-05, -3.813650669232535e-06, 0.00012614444207061882, 0.0009211275533089466, 0.007417162995856841, 0.22390886745967742, -2.9400837249262117e-06, 9.722630800557188e-07, 2.2809640688953406e-05, 5.969159337646765e-06, 1.2231334453689155e-05, -2.9400837249262117e-06, 4.001984329851622e-06, -2.4919091202369405e-07, -5.025188034531361e-07, -1.7240684154159504e-05, -3.813650669232535e-06, 9.722630800557188e-07, -2.4919091202369405e-07, 4.207900942937255e-06, 6.120241576998394e-07, -0.00026650925885826485, 0.00012614444207061882, 2.2809640688953406e-05, -5.025188034531361e-07, 6.120241576998394e-07, 0.00011717538317803119]",,,,1.72891206166,0.71591146106,0.267308099634,,0.0249059878315,-0.0226369583396,0.0335077229789,"[0.0002482386319659613, -0.00016654187855001955, -4.9128319832805756e-05, -3.986318339125821e-09, 1.1051219358541443e-08, 4.8231069526105096e-08, -0.00016654187855001955, 0.0004935332154865623, 8.382749859501209e-06, 2.3042889450754185e-09, -2.6350323242448884e-09, -1.175589908484636e-07, -4.9128319832805756e-05, 8.382749859501209e-06, 0.00025659619331548953, -1.7519418941526783e-09, 2.3604071092197464e-09, -2.5492703178279126e-09, -3.986318339125821e-09, 2.3042889450754185e-09, -1.7519418941526783e-09, 2.466166752146196e-09, 5.9198307095112295e-12, 9.916689898713048e-12, 1.1051219358541443e-08, -2.6350323242448884e-09, 2.3604071092197464e-09, 5.9198307095112295e-12, 2.438484026943269e-09, 7.457650776039795e-13, 4.8231069526105096e-08, -1.175589908484636e-07, -2.5492703178279126e-09, 9.916689898713048e-12, 7.457650776039795e-13, 2.46780472625729e-09]"
1402416126083587213,,213357,,1402416126,68928956,/enu,/base_link,,,,5.05348477306,22.1260327696,-27.3878486949,,0.0109612239205,0.0118361625279,-0.534949392155,-0.84473007799,"[0.033462879267051715, -0.004732030338134198, 0.0009171464677695728, 5.944297083823628e-06, -1.70253639530568e-05, -0.0002664715620694929, -0.004732030338134198, 0.03744466471701809, 0.00740758351577437, 1.2042069886953213e-05, -3.7901387420492957e-06, 0.00012607653901388575, 0.0009171464677695728, 0.00740758351577437, 0.22394168434787068, -2.933369921975216e-06, 9.711453322821679e-07, 2.282314066578947e-05, 5.944297083823628e-06, 1.2042069886953213e-05, -2.933369921975216e-06, 4.05039997733109e-06, -2.491807152641952e-07, -5.02379036871317e-07, -1.70253639530568e-05, -3.7901387420492957e-06, 9.711453322821679e-07, -2.491807152641952e-07, 4.25632263086161e-06, 6.106487502116681e-07, -0.0002664715620694929, 0.00012607653901388575, 2.282314066578947e-05, -5.02379036871317e-07, 6.106487502116681e-07, 0.00011720481781312794]",,,,1.72959440298,0.733759470982,0.249775187309,,-0.0152969985555,-0.00375039016955,0.0363793849925,"[0.000252502424598353, -0.00016710152154647843, -4.852562110865908e-05, -3.9820350110895945e-09, 1.1314422444871074e-08, 4.823727988630804e-08, -0.00016710152154647843, 0.0004976808692158929, 8.806749726719963e-06, 2.059740231248136e-09, -2.661923922870159e-09, -1.1762474470653132e-07, -4.852562110865908e-05, 8.806749726719963e-06, 0.0002572186366233108, -1.779084447589806e-09, 2.4028968647326875e-09, -2.5715665341172403e-09, -3.9820350110895945e-09, 2.059740231248136e-09, -1.779084447589806e-09, 2.4661667271603875e-09, 5.9198584333229036e-12, 9.917043808028149e-12, 1.1314422444871074e-08, -2.661923922870159e-09, 2.4028968647326875e-09, 5.9198584333229036e-12, 2.438483991906742e-09, 7.454698826600273e-13, 4.823727988630804e-08, -1.1762474470653132e-07, -2.5715665341172403e-09, 9.917043808028149e-12, 7.454698826600273e-13, 2.467797563130533e-09]"
1402416126122841249,,213358,,1402416126,78912973,/enu,/base_link,,,,5.05407557279,22.1448061776,-27.3853647406,,0.0109423003937,0.0118840059587,-0.535105607893,-0.844630703246,"[0.03346165861552237, -0.004731293880358159, 0.000913549305534019, 5.921429069738597e-06, -1.6825932798112676e-05, -0.00026643339279147177, -0.004731293880358159, 0.03744600924418859, 0.007398898790748103, 1.1866838411266497e-05, -3.768733203917306e-06, 0.00012600865845620416, 0.000913549305534019, 0.007398898790748103, 0.22397135335715243, -2.9267832949443463e-06, 9.700431721948592e-07, 2.2835101240037184e-05, 5.921429069738597e-06, 1.1866838411266497e-05, -2.9267832949443463e-06, 4.090229502907792e-06, -2.4917005920853337e-07, -5.022246654058207e-07, -1.6825932798112676e-05, -3.768733203917306e-06, 9.700431721948592e-07, -2.4917005920853337e-07, 4.296158484305827e-06, 6.09264750525691e-07, -0.00026643339279147177, 0.00012600865845620416, 2.2835101240037184e-05, -5.022246654058207e-07, 6.09264750525691e-07, 0.00011722552266827798]",,,,1.72967718874,0.72781728989,0.263220708765,,-0.00193282038324,-0.0107085982994,0.0333973164764,"[0.0002564135336772901, -0.00016761717786703783, -4.794867972638612e-05, -3.97844944327419e-09, 1.155558431516003e-08, 4.824454631919832e-08, -0.00016761717786703783, 0.000501459227074747, 9.175941238811253e-06, 1.8351675682529566e-09, -2.6858752152624807e-09, -1.1768122507150226e-07, -4.794867972638612e-05, 9.175941238811253e-06, 0.00025773644201203066, -1.8037341125329919e-09, 2.4409783733206826e-09, -2.579429222623886e-09, -3.97844944327419e-09, 1.8351675682529566e-09, -1.8037341125329919e-09, 2.4661667023857177e-09, 5.919886383397864e-12, 9.917393737400753e-12, 1.155558431516003e-08, -2.6858752152624807e-09, 2.4409783733206826e-09, 5.919886383397864e-12, 2.4384839561068805e-09, 7.451723575986184e-13, 4.824454631919832e-08, -1.1768122507150226e-07, -2.579429222623886e-09, 9.917393737400753e-12, 7.451723575986184e-13, 2.4677903969451227e-09]"
1402416126162886410,,213359,,1402416126,88932037,/enu,/base_link,,,,5.04258154254,22.180959521,-27.4022548427,,0.00767829833784,0.0110188402022,-0.535348195231,-0.844524682148,"[0.033432683808374934, -0.0047411549592930625, 0.0009223673794955771, 5.735053054081802e-06, -1.5707594419216615e-05, -0.0002661408368291249, -0.0047411549592930625, 0.03741476807703146, 0.007434319852765027, 1.0975986968902868e-05, -3.5752706363089524e-06, 0.00012595818459391187, 0.0009223673794955771, 0.007434319852765027, 0.22382164496923485, -2.8536149593933166e-06, 9.42965680378547e-07, 2.2675627350025927e-05, 5.735053054081802e-06, 1.0975986968902868e-05, -2.8536149593933166e-06, 3.89973867647635e-06, -2.4566752425988355e-07, -5.128741550910187e-07, -1.5707594419216615e-05, -3.5752706363089524e-06, 9.42965680378547e-07, -2.4566752425988355e-07, 4.101751420498368e-06, 6.080371131257139e-07, -0.0002661408368291249, 0.00012595818459391187, 2.2675627350025927e-05, -5.128741550910187e-07, 6.080371131257139e-07, 0.00011724352841104925]",,,,1.71471346223,0.68270149017,0.238013690815,,-0.0205944773501,-0.00850064449575,0.0377048743034,"[0.0002298231947963618, -0.00015297471586245466, -4.872250134390412e-05, -3.5896950147350106e-09, 1.0466753043450818e-08, 4.413820625449647e-08, -0.00015297471586245466, 0.0004810479701152142, 5.765788004401725e-06, 2.717572218710752e-09, -2.543411201571407e-09, -1.167498688979481e-07, -4.872250134390412e-05, 5.765788004401725e-06, 0.0002533963702053403, -1.5686513178679118e-09, 2.214314038842997e-09, -1.8563588439398085e-09, -3.5896950147350106e-09, 2.717572218710752e-09, -1.5686513178679118e-09, 2.466085046934463e-09, 5.918754910301075e-12, 9.916438657105324e-12, 1.0466753043450818e-08, -2.543411201571407e-09, 2.214314038842997e-09, 5.918754910301075e-12, 2.4383995185718194e-09, 7.470722001028341e-13, 4.413820625449647e-08, -1.167498688979481e-07, -1.8563588439398085e-09, 9.916438657105324e-12, 7.470722001028341e-13, 2.4677826187854354e-09]"
1402416126163011612,,213360,,1402416126,99910020,/enu,/base_link,,,,5.04357480178,22.2012583801,-27.3997084285,,0.00773850805596,0.0111638097139,-0.535509008764,-0.844420266442,"[0.03343160822159432, -0.004740343720368178, 0.0009185061207496992, 5.711054883646775e-06, -1.550405585955028e-05, -0.00026610566285336474, -0.004740343720368178, 0.0374163629445421, 0.0074248933789268345, 1.0797558925040504e-05, -3.5526508626191215e-06, 0.00012587668474990527, 0.0009185061207496992, 0.0074248933789268345, 0.22385392723596806, -2.8467697715224467e-06, 9.421270914234847e-07, 2.268868492814699e-05, 5.711054883646775e-06, 1.0797558925040504e-05, -2.8467697715224467e-06, 3.947911935242191e-06, -2.456575313670241e-07, -5.127327548519342e-07, -1.550405585955028e-05, -3.5526508626191215e-06, 9.421270914234847e-07, -2.456575313670241e-07, 4.1499302198779e-06, 6.066888772543175e-07, -0.00026610566285336474, 0.00012587668474990527, 2.268868492814699e-05, -5.127327548519342e-07, 6.066888772543175e-07, 0.00011727269265926238]",,,,1.71509317327,0.675135642306,0.245253800989,,-0.0233556724651,-0.0168946735266,0.0317407155062,"[0.00023387812051129623, -0.00015351277056960193, -4.815770085855627e-05, -3.5853956639949363e-09, 1.0722870594334049e-08, 4.415016123863591e-08, -0.00015351277056960193, 0.0004849697845795211, 6.171740196156173e-06, 2.479764938074815e-09, -2.5689831215952767e-09, -1.1681075630215551e-07, -4.815770085855627e-05, 6.171740196156173e-06, 0.0002540151339684792, -1.5915652963196026e-09, 2.254292102526968e-09, -1.895072565578642e-09, -3.5853956639949363e-09, 2.479764938074815e-09, -1.5915652963196026e-09, 2.466085021548224e-09, 5.918781872036071e-12, 9.916801074872468e-12, 1.0722870594334049e-08, -2.5689831215952767e-09, 2.254292102526968e-09, 5.918781872036071e-12, 2.438399485155112e-09, 7.467836423749975e-13, 4.415016123863591e-08, -1.1681075630215551e-07, -1.895072565578642e-09, 9.916801074872468e-12, 7.467836423749975e-13, 2.4677754479972912e-09]"
1402416126163253291,,213361,,1402416126,109904050,/enu,/base_link,,,,5.04496792978,22.2194938742,-27.3968803288,,0.00780343575827,0.0111821710134,-0.535676543163,-0.844313156682,"[0.03343063816322797, -0.004739605844260471, 0.0009148727477327814, 5.688851418874746e-06, -1.531406955709711e-05, -0.0002660672099442643, -0.004739605844260471, 0.03741782964609599, 0.007416300827286595, 1.063096163046128e-05, -3.5318508332842243e-06, 0.0001258119038589075, 0.0009148727477327814, 0.007416300827286595, 0.22388334679019886, -2.8401126288429407e-06, 9.407419994597093e-07, 2.2699880942820696e-05, 5.688851418874746e-06, 1.063096163046128e-05, -2.8401126288429407e-06, 3.987824756933891e-06, -2.4564709995393734e-07, -5.125775866220188e-07, -1.531406955709711e-05, -3.5318508332842243e-06, 9.407419994597093e-07, -2.4564709995393734e-07, 4.189848863088824e-06, 6.053322587612957e-07, -0.0002660672099442643, 0.0001258119038589075, 2.2699880942820696e-05, -5.125775866220188e-07, 6.053322587612957e-07, 0.00011729345767143523]",,,,1.71783634195,0.666232240588,0.258925812983,,-0.0128631360932,0.00331726780791,0.0367108838635,"[0.00023761492040401478, -0.00015399328098224312, -4.762361691117903e-05, -3.581136157271383e-09, 1.0957786150489934e-08, 4.4154438477421055e-08, -0.00015399328098224312, 0.0004885791404224575, 6.494807797622954e-06, 2.260822447384739e-09, -2.592703364942548e-09, -1.1686648239806755e-07, -4.762361691117903e-05, 6.494807797622954e-06, 0.00025450871485513155, -1.613405120845543e-09, 2.29301639822866e-09, -1.9091726861304968e-09, -3.581136157271383e-09, 2.260822447384739e-09, -1.613405120845543e-09, 2.4660849964184314e-09, 5.918809109030275e-12, 9.917159544664905e-12, 1.0957786150489934e-08, -2.592703364942548e-09, 2.29301639822866e-09, 5.918809109030275e-12, 2.4383994510846927e-09, 7.464927658410866e-13, 4.4154438477421055e-08, -1.1686648239806755e-07, -1.9091726861304968e-09, 9.917159544664905e-12, 7.464927658410866e-13, 2.4677682744738936e-09]"
1402416126163278920,,213362,,1402416126,120906114,/enu,/base_link,,,,5.0460542851,22.2396858841,-27.3939144942,,0.00765955087107,0.011269644436,-0.535851317462,-0.844202399884,"[0.03342943678746561, -0.004738799023370787, 0.0009109236959786505, 5.664188008585935e-06, -1.5099969492568153e-05, -0.0002660261992910913, -0.004738799023370787, 0.037419502193876596, 0.007406732149396553, 1.0442574342998898e-05, -3.5085654811990458e-06, 0.00012574069654151126, 0.0009109236959786505, 0.007406732149396553, 0.22391594315701044, -2.833404933700484e-06, 9.395975306163854e-07, 2.271314105203702e-05, 5.664188008585935e-06, 1.0442574342998898e-05, -2.833404933700484e-06, 4.0362071480121885e-06, -2.456368935330468e-07, -5.12433823339563e-07, -1.5099969492568153e-05, -3.5085654811990458e-06, 9.395975306163854e-07, -2.456368935330468e-07, 4.23823748240007e-06, 6.039585156404722e-07, -0.0002660261992910913, 0.00012574069654151126, 2.271314105203702e-05, -5.12433823339563e-07, 6.039585156404722e-07, 0.00011732282175620372]",,,,1.71579488002,0.675510776383,0.254774533305,,0.0136443257919,-0.0279394479714,0.0342810522562,"[0.00024183922424590541, -0.0001545556874579402, -4.6981584072420653e-05, -3.5773200392504035e-09, 1.1219793751116798e-08, 4.416313804557603e-08, -0.0001545556874579402, 0.0004926929460537211, 6.8376401255387055e-06, 2.0166885425836797e-09, -2.6182217523895207e-09, -1.1692928010033615e-07, -4.6981584072420653e-05, 6.8376401255387055e-06, 0.0002551366952841394, -1.6373228426767398e-09, 2.3326483149715494e-09, -1.905930981758965e-09, -3.5773200392504035e-09, 2.0166885425836797e-09, -1.6373228426767398e-09, 2.466084971462465e-09, 5.9188365360674e-12, 9.917514392713768e-12, 1.1219793751116798e-08, -2.6182217523895207e-09, 2.3326483149715494e-09, 5.9188365360674e-12, 2.4383994163450823e-09, 7.461997725358523e-13, 4.416313804557603e-08, -1.1692928010033615e-07, -1.905930981758965e-09, 9.917514392713768e-12, 7.461997725358523e-13, 2.4677610984707508e-09]"
1402416126202839448,,213363,,1402416126,130904912,/enu,/base_link,,,,5.04709748137,22.2581755877,-27.3913559611,,0.00775618763591,0.0112781673078,-0.536014212701,-0.844097984998,"[0.033428450072373085, -0.004738023783934389, 0.0009072793331020428, 5.641466559907025e-06, -1.4901105488023856e-05, -0.00026599217680783166, -0.004738023783934389, 0.03742096447171414, 0.0073981725122974525, 1.0267595425995076e-05, -3.4873176178555155e-06, 0.00012566916665096502, 0.0009072793331020428, 0.0073981725122974525, 0.22394537006562995, -2.826582166413648e-06, 9.384854600574343e-07, 2.2724909340526792e-05, 5.641466559907025e-06, 1.0267595425995076e-05, -2.826582166413648e-06, 4.0761552615078135e-06, -2.45626242948952e-07, -5.12275934781971e-07, -1.4901105488023856e-05, -3.4873176178555155e-06, 9.384854600574343e-07, -2.45626242948952e-07, 4.278192118780903e-06, 6.02576365251072e-07, -0.00026599217680783166, 0.00012566916665096502, 2.2724909340526792e-05, -5.12275934781971e-07, 6.02576365251072e-07, 0.00011734361024021085]",,,,1.71971086249,0.673787410595,0.25404296657,,-0.0171706008107,0.00839786661067,0.035606445076,"[0.000245749387905475, -0.0001550471551881339, -4.644162940155775e-05, -3.573339617714819e-09, 1.1459821116291599e-08, 4.416870211003745e-08, -0.0001550471551881339, 0.0004964552190336425, 7.172716363643727e-06, 1.7924883621934088e-09, -2.642334652244625e-09, -1.1698427649141639e-07, -4.644162940155775e-05, 7.172716363643727e-06, 0.0002556272212989068, -1.6596159755530435e-09, 2.3717679348835644e-09, -1.9228222193802123e-09, -3.573339617714819e-09, 1.7924883621934088e-09, -1.6596159755530435e-09, 2.4660849467760414e-09, 5.918864253131017e-12, 9.91786523964516e-12, 1.1459821116291599e-08, -2.642334652244625e-09, 2.3717679348835644e-09, 5.918864253131017e-12, 2.438399380944925e-09, 7.459044747846287e-13, 4.416870211003745e-08, -1.1698427649141639e-07, -1.9228222193802123e-09, 9.91786523964516e-12, 7.459044747846287e-13, 2.467753919746914e-09]"
1402416126202869193,,213364,,1402416126,141906023,/enu,/base_link,,,,5.04916974074,22.2976790939,-27.4372283014,,0.00610758190407,0.0108842615792,-0.536198086416,-0.843999906645,"[0.033400799070640724, -0.0047474852612311245, 0.0009155615872622136, 5.460924432868196e-06, -1.389509618044256e-05, -0.0002657258777457104, -0.0047474852612311245, 0.037390790499077065, 0.0074321956253869444, 9.475993096662824e-06, -3.300207844740998e-06, 0.00012558010178463977, 0.0009155615872622136, 0.0074321956253869444, 0.22380025864564237, -2.7493533574667965e-06, 9.14365545047024e-07, 2.25704941059517e-05, 5.460924432868196e-06, 9.475993096662824e-06, -2.7493533574667965e-06, 3.894526611513527e-06, -2.4246237506028005e-07, -5.245039111069896e-07, -1.389509618044256e-05, -3.300207844740998e-06, 9.14365545047024e-07, -2.4246237506028005e-07, 4.093278558151319e-06, 5.994434689069553e-07, -0.0002657258777457104, 0.00012558010178463977, 2.25704941059517e-05, -5.245039111069896e-07, 5.994434689069553e-07, 0.0001173698189548476]",,,,1.71326833564,0.657877556344,0.239393105045,,0.0104432086613,-0.0242951416245,0.0301945598292,"[0.00022529516245419504, -0.00014772103343718606, -4.773342393469057e-05, -3.402390046386769e-09, 1.0426354124944613e-08, 4.2306606460859426e-08, -0.00014772103343718606, 0.00048075240576633783, 5.1370389978643675e-06, 2.716555043103678e-09, -2.5159873318324127e-09, -1.1676173150595482e-07, -4.773342393469057e-05, 5.1370389978643675e-06, 0.00025175975185668244, -1.5033408460179845e-09, 2.1732281022077316e-09, -1.5711906568238025e-09, -3.402390046386769e-09, 2.716555043103678e-09, -1.5033408460179845e-09, 2.466003844042039e-09, 5.917700974204681e-12, 9.916045829254326e-12, 1.0426354124944613e-08, -2.5159873318324127e-09, 2.1732281022077316e-09, 5.917700974204681e-12, 2.438315556714603e-09, 7.480100539884299e-13, 4.2306606460859426e-08, -1.1676173150595482e-07, -1.5711906568238025e-09, 9.916045829254326e-12, 7.480100539884299e-13, 2.4677460817388476e-09]"
1402416126202906402,,213365,,1402416126,151906013,/enu,/base_link,,,,5.05037083602,22.3162551378,-27.4351171063,,0.0062305750412,0.0108948187902,-0.536360152711,-0.843895887798,"[0.033400002392024765, -0.00474667223643227, 0.0009119965997476933, 5.439176172244452e-06, -1.371025733653697e-05, -0.0002656958571661693, -0.00474667223643227, 0.03739239907833512, 0.007423656682464553, 9.31401246627947e-06, -3.279870761205218e-06, 0.00012550100143780143, 0.0009119965997476933, 0.007423656682464553, 0.22382945565337767, -2.7423452693426432e-06, 9.133457753367267e-07, 2.258171434009695e-05, 5.439176172244452e-06, 9.31401246627947e-06, -2.7423452693426432e-06, 3.934488703596779e-06, -2.4245203020989456e-07, -5.243475237077631e-07, -1.371025733653697e-05, -3.279870761205218e-06, 9.133457753367267e-07, -2.4245203020989456e-07, 4.133246387784498e-06, 5.981017640812357e-07, -0.0002656958571661693, 0.00012550100143780143, 2.258171434009695e-05, -5.243475237077631e-07, 5.981017640812357e-07, 0.00011739060310868475]",,,,1.71625246791,0.654546436516,0.244625417348,,-0.0218075388851,0.0109376953291,0.0354960719298,"[0.00022895445140067724, -0.00014818876941594323, -4.722556686618106e-05, -3.397788241045887e-09, 1.0658053346369115e-08, 4.23128692746472e-08, -0.00014818876941594323, 0.00048426876238776863, 5.446469992836784e-06, 2.5002884707344763e-09, -2.539172111280639e-09, -1.1681553802910598e-07, -4.722556686618106e-05, 5.446469992836784e-06, 0.0002522429504459173, -1.5241027910444857e-09, 2.2122907445617195e-09, -1.5925936836378273e-09, -3.397788241045887e-09, 2.5002884707344763e-09, -1.5241027910444857e-09, 2.4660038187782725e-09, 5.917727695677511e-12, 9.916408929394247e-12, 1.0658053346369115e-08, -2.539172111280639e-09, 2.2122907445617195e-09, 5.917727695677511e-12, 2.438315523619559e-09, 7.477233267054266e-13, 4.23128692746472e-08, -1.1681553802910598e-07, -1.5925936836378273e-09, 9.916408929394247e-12, 7.477233267054266e-13, 2.4677388981460137e-09]"
1402416126202927958,,213366,,1402416126,161905050,/enu,/base_link,,,,5.05161647664,22.3344782766,-27.4324449669,,0.00608076185352,0.0109598273988,-0.536513855744,-0.843798429196,"[0.033399195602206354, -0.004745854926269458, 0.000908448239364638, 5.417148827386797e-06, -1.3521320796996999e-05, -0.0002656587777182715, -0.004745854926269458, 0.03739397356591567, 0.007415134754896999, 9.148205791919461e-06, -3.259312110730777e-06, 0.00012542387502413005, 0.000908448239364638, 0.007415134754896999, 0.22385865872784433, -2.7355677830260906e-06, 9.12290610888956e-07, 2.2593041072763512e-05, 5.417148827386797e-06, 9.148205791919461e-06, -2.7355677830260906e-06, 3.974441930454264e-06, -2.424415850031937e-07, -5.24189859009965e-07, -1.3521320796996999e-05, -3.259312110730777e-06, 9.12290610888956e-07, -2.424415850031937e-07, 4.17320566505325e-06, 5.967485859205888e-07, -0.0002656587777182715, 0.00012542387502413005, 2.2593041072763512e-05, -5.24189859009965e-07, 5.967485859205888e-07, 0.00011741137329832222]",,,,1.71227834872,0.65547000113,0.249452966673,,0.018395445474,-0.0274981249683,0.0328453444372,"[0.00023266230602384276, -0.00014868512176081342, -4.6644770393538327e-05, -3.3940037762240743e-09, 1.0892636907124257e-08, 4.232177496182959e-08, -0.00014868512176081342, 0.00048785355246222246, 5.721965922336554e-06, 2.2811829838322775e-09, -2.561480650107249e-09, -1.1686868877152317e-07, -4.6644770393538327e-05, 5.721965922336554e-06, 0.0002527580322287418, -1.544831044113457e-09, 2.2482949754268238e-09, -1.5834385621361462e-09, -3.3940037762240743e-09, 2.2811829838322775e-09, -1.544831044113457e-09, 2.46600379362096e-09, 5.917754688704193e-12, 9.916768333916895e-12, 1.0892636907124257e-08, -2.561480650107249e-09, 2.2482949754268238e-09, 5.917754688704193e-12, 2.438315489885738e-09, 7.474344542314484e-13, 4.232177496182959e-08, -1.1686868877152317e-07, -1.5834385621361462e-09, 9.916768333916895e-12, 7.474344542314484e-13, 2.467731712512565e-09]"
1402416126202949637,,213367,,1402416126,172867059,/enu,/base_link,,,,5.05292201503,22.3546209841,-27.4296299157,,0.00593986036956,0.0110009979946,-0.536669773309,-0.843699739551,"[0.033398314321021985, -0.004745032295685502, 0.0009045575946233908, 5.392757273104775e-06, -1.3308711914506201e-05, -0.00026562540924643504, -0.004745032295685502, 0.03739570213709633, 0.007405712609545151, 8.960918334892299e-06, -3.2363451097023647e-06, 0.0001253383961450901, 0.0009045575946233908, 0.007405712609545151, 0.2238909619198695, -2.728511312325516e-06, 9.114933066689658e-07, 2.2605871137765647e-05, 5.392757273104775e-06, 8.960918334892299e-06, -2.728511312325516e-06, 4.022472540513008e-06, -2.424313420757107e-07, -5.240428214103859e-07, -1.3308711914506201e-05, -3.2363451097023647e-06, 9.114933066689658e-07, -2.424313420757107e-07, 4.22124272677986e-06, 5.95378226038e-07, -0.00026562540924643504, 0.0001253383961450901, 2.2605871137765647e-05, -5.240428214103859e-07, 5.95378226038e-07, 0.00011744034447598887]",,,,1.71563537073,0.656009341505,0.267625645791,,0.0177327578757,-0.0205399150833,0.0303050657681,"[0.00023687423021940542, -0.00014924908775153798, -4.60093365280621e-05, -3.3900395130865733e-09, 1.1151922975654284e-08, 4.233590308890681e-08, -0.00014924908775153798, 0.000491917837716197, 6.0150822536581295e-06, 2.038811269149441e-09, -2.5859068498362944e-09, -1.1692783086492787e-07, -4.60093365280621e-05, 6.0150822536581295e-06, 0.0002533675875755289, -1.5677688595170402e-09, 2.2884800742125397e-09, -1.5710337285182333e-09, -3.3900395130865733e-09, 2.038811269149441e-09, -1.5677688595170402e-09, 2.4660037688300233e-09, 5.917781891628847e-12, 9.917124134082629e-12, 1.1151922975654284e-08, -2.5859068498362944e-09, 2.2884800742125397e-09, 5.917781891628847e-12, 2.4383154554639094e-09, 7.471435305949838e-13, 4.233590308890681e-08, -1.1692783086492787e-07, -1.5710337285182333e-09, 9.917124134082629e-12, 7.471435305949838e-13, 2.467724524270232e-09]"
1402416126242825804,,213368,,1402416126,182868003,/enu,/base_link,,,,5.04449119895,22.3649620411,-27.3989096154,,0.00505086861707,0.00976889781523,-0.536828971958,-0.843619411956,"[0.03337208502216419, -0.004754172089331017, 0.0009129048163607544, 5.275314712062088e-06, -1.2483828621511767e-05, -0.0002654236038201944, -0.004754172089331017, 0.037366174829196734, 0.007440044338362162, 8.283415267742182e-06, -3.0509192247007963e-06, 0.00012519980679476532, 0.0009129048163607544, 0.007440044338362162, 0.2237444527482316, -2.662711093269638e-06, 8.878664355841318e-07, 2.2465517942568306e-05, 5.275314712062088e-06, 8.283415267742182e-06, -2.662711093269638e-06, 3.845032670169505e-06, -2.3906746553753304e-07, -5.577939029176798e-07, -1.2483828621511767e-05, -3.0509192247007963e-06, 8.878664355841318e-07, -2.3906746553753304e-07, 4.040031714303291e-06, 6.028198123053963e-07, -0.0002654236038201944, 0.00012519980679476532, 2.2465517942568306e-05, -5.577939029176798e-07, 6.028198123053963e-07, 0.00011745307403181273]",,,,1.72868185563,0.634249905594,0.261915241292,,-0.033734051001,0.017344315651,0.0371528287225,"[0.0002169159099104039, -0.00014282892084430707, -4.7169688382748816e-05, -3.22177002898946e-09, 1.0131787647663812e-08, 4.0478977497146894e-08, -0.00014282892084430707, 0.0004817566470052147, 3.775218390486124e-06, 3.0474440852974362e-09, -2.4919027825888007e-09, -1.1763582513828056e-07, -4.7169688382748816e-05, 3.775218390486124e-06, 0.0002494794008449708, -1.4265730018700433e-09, 2.1542855569100946e-09, -1.1554398809664923e-09, -3.22177002898946e-09, 3.0474440852974362e-09, -1.4265730018700433e-09, 2.465927177224123e-09, 5.915553915070872e-12, 9.915138721689566e-12, 1.0131787647663812e-08, -2.4919027825888007e-09, 2.1542855569100946e-09, 5.915553915070872e-12, 2.438236198999308e-09, 7.577767222529038e-13, 4.0478977497146894e-08, -1.1763582513828056e-07, -1.1554398809664923e-09, 9.915138721689566e-12, 7.577767222529038e-13, 2.467715180634175e-09]"
1402416126242854852,,213369,,1402416126,192867994,/enu,/base_link,,,,5.04612088524,22.3831239031,-27.3959651481,,0.00493272006612,0.00978979526286,-0.536962707462,-0.843534752678,"[0.033371409780961245, -0.0047533778222764445, 0.0009093262774892486, 5.25391574339735e-06, -1.2303040358616282e-05, -0.0002653889345220791, -0.0047533778222764445, 0.037367826917873895, 0.007431588111553386, 8.125011300427802e-06, -3.0309778205367473e-06, 0.0001251215562927132, 0.0009093262774892486, 0.007431588111553386, 0.22377349123254206, -2.655740982337545e-06, 8.867676446895822e-07, 2.2476936977181474e-05, 5.25391574339735e-06, 8.125011300427802e-06, -2.655740982337545e-06, 3.884996193039375e-06, -2.390569469829976e-07, -5.576315875261406e-07, -1.2303040358616282e-05, -3.0309778205367473e-06, 8.867676446895822e-07, -2.390569469829976e-07, 4.080000759297858e-06, 6.014914181840255e-07, -0.0002653889345220791, 0.0001251215562927132, 2.2476936977181474e-05, -5.576315875261406e-07, 6.014914181840255e-07, 0.00011747382635893536]",,,,1.72383533689,0.627027868481,0.2748506802,,0.0177346050719,-0.016563146443,0.0282065790836,"[0.0002204791235132447, -0.00014332356335400835, -4.659978774400106e-05, -3.2176862160752596e-09, 1.0360213389398491e-08, 4.049478104888577e-08, -0.00014332356335400835, 0.0004851672557099906, 4.004512109216606e-06, 2.833824227696661e-09, -2.5129904182724253e-09, -1.1768602251496817e-07, -4.659978774400106e-05, 4.004512109216606e-06, 0.00024998363026822266, -1.4462476285692888e-09, 2.19206625565511e-09, -1.1419950682073978e-09, -3.2176862160752596e-09, 2.833824227696661e-09, -1.4462476285692888e-09, 2.465927151765727e-09, 5.915580382241867e-12, 9.915506008786435e-12, 1.0360213389398491e-08, -2.5129904182724253e-09, 2.19206625565511e-09, 5.915580382241867e-12, 2.438236166516351e-09, 7.574919982480007e-13, 4.049478104888577e-08, -1.1768602251496817e-07, -1.1419950682073978e-09, 9.915506008786435e-12, 7.574919982480007e-13, 2.467707985833646e-09]"
1402416126242877916,,213370,,1402416126,202866077,/enu,/base_link,,,,5.04742803965,22.4013669345,-27.3930190992,,0.00510939046527,0.00982914141174,-0.537118221926,-0.843434228487,"[0.03337080751763167, -0.004752532276514749, 0.0009057734678318055, 5.2323136291613946e-06, -1.2118245649367582e-05, -0.00026535707998840406, -0.004752532276514749, 0.03736954937550577, 0.007422989719703935, 7.962820102425544e-06, -3.0108463961022587e-06, 0.00012503530822729927, 0.0009057734678318055, 0.007422989719703935, 0.22380276029358925, -2.6486867159156917e-06, 8.859403979098033e-07, 2.2487682984773927e-05, 5.2323136291613946e-06, 7.962820102425544e-06, -2.6486867159156917e-06, 3.924943227893118e-06, -2.390463253451391e-07, -5.574680157076003e-07, -1.2118245649367582e-05, -3.0108463961022587e-06, 8.859403979098033e-07, -2.390463253451391e-07, 4.119953625272838e-06, 6.001515880636849e-07, -0.00026535707998840406, 0.00012503530822729927, 2.2487682984773927e-05, -5.574680157076003e-07, 6.001515880636849e-07, 0.00011749455696037034]",,,,1.72173443525,0.640497433565,0.258573680858,,-0.0339549485328,0.0119323769969,0.0342812243032,"[0.00022412642278119382, -0.00014378434347032062, -4.610499238421289e-05, -3.2131419309223705e-09, 1.0590767519750706e-08, 4.05040612817569e-08, -0.00014378434347032062, 0.0004886600499452955, 4.321726921944733e-06, 2.618279083476782e-09, -2.5358081562912925e-09, -1.1773780135783645e-07, -4.610499238421289e-05, 4.321726921944733e-06, 0.0002504650539991478, -1.4655485555492124e-09, 2.231262271381935e-09, -1.1776840525005542e-09, -3.2131419309223705e-09, 2.618279083476782e-09, -1.4655485555492124e-09, 2.465927126413329e-09, 5.9156070861795936e-12, 9.91586965475803e-12, 1.0590767519750706e-08, -2.5358081562912925e-09, 2.231262271381935e-09, 5.9156070861795936e-12, 2.438236133487014e-09, 7.572051376940494e-13, 4.05040612817569e-08, -1.1773780135783645e-07, -1.1776840525005542e-09, 9.91586965475803e-12, 7.572051376940494e-13, 2.467700788607015e-09]"
