rosbagTimestamp,header,seq,stamp,secs,nsecs,frame_id,child_frame_id,pose,pose,position,x,y,z,orientation,x,y,z,w,covariance,twist,twist,linear,x,y,z,angular,x,y,z,covariance
1402416644842398005,,217289,,1402416644,841305017,/enu,/imu,,,,4.54503006421,10.1804235005,-31.6235344292,,-0.827268028767,-0.561191951012,0.0262034205144,0.00214090008106,"[0.04886550282563159, -0.010259679494474965, 0.003153527339606129, -4.425412013685424e-06, 2.875197612318139e-06, -8.402453798882004e-05, -0.010259679494474965, 0.06142259855581929, 0.0003662000350332169, 1.7559439956444218e-06, 1.4065410317904097e-06, 0.00010044148647266357, 0.003153527339606129, 0.0003662000350332169, 0.23032152731913585, 2.1388456630832542e-07, -1.6113368927892102e-06, 7.232850859619612e-06, -4.425412013685424e-06, 1.7559439956444218e-06, 2.1388456630832542e-07, 4.066632887983736e-06, -2.23243710239809e-07, 3.5438627016821374e-06, 2.875197612318139e-06, 1.4065410317904097e-06, -1.6113368927892102e-06, -2.23243710239809e-07, 4.138491773580105e-06, -1.3860785446331047e-07, -8.402453798882004e-05, 0.00010044148647266357, 7.232850859619612e-06, 3.5438627016821374e-06, -1.3860785446331047e-07, 0.00010337555934181139]",,,,1.30574108376,-0.0551616533744,0.0721658676996,,0.00506873192561,0.0166600084661,-0.0331226530441,"[0.00020094748477470967, 1.9446940609411574e-05, 2.4214136527764634e-05, 1.7859443516428393e-09, -8.857705330989719e-09, 3.729973296633442e-09, 1.9446940609411574e-05, 0.0003474018033406095, -6.671100775582457e-06, 1.7140419190151566e-09, 5.9493415576555844e-09, -5.983050994193662e-08, 2.4214136527764634e-05, -6.671100775582457e-06, 0.00016646451586112659, 2.1113799647721157e-10, 1.4654416894111985e-09, 1.0683631562378502e-10, 1.7859443516428393e-09, 1.7140419190151566e-09, 2.1113799647721157e-10, 1.894692919563026e-09, -1.8592037341861688e-12, -8.782887988863434e-12, -8.857705330989719e-09, 5.9493415576555844e-09, 1.4654416894111985e-09, -1.8592037341861688e-12, 1.8757935839992326e-09, -1.7991281421235444e-12, 3.729973296633442e-09, -5.983050994193662e-08, 1.0683631562378502e-10, -8.782887988863434e-12, -1.7991281421235444e-12, 1.882681882065954e-09]"
1402416644852265758,,217290,,1402416644,851341009,/enu,/imu,,,,4.54940142529,10.1928355524,-31.6249530117,,-0.827172350327,-0.56133334929,0.026195625486,0.0021361261304,"[0.04886722675171167, -0.01025930499433165, 0.0031532122569958394, -4.450595647161879e-06, 3.0663979674034426e-06, -8.403916336467709e-05, -0.01025930499433165, 0.06142469677417778, 0.0003623532671999175, 1.5800408698069001e-06, 1.4313929199669739e-06, 0.0001002813028125582, 0.0031532122569958394, 0.0003623532671999175, 0.23033558364541643, 2.2793542741463125e-07, -1.6204715873915352e-06, 7.238705287167246e-06, -4.450595647161879e-06, 1.5800408698069001e-06, 2.2793542741463125e-07, 4.106857954158385e-06, -2.2327639588215355e-07, 3.543411016740085e-06, 3.0663979674034426e-06, 1.4313929199669739e-06, -1.6204715873915352e-06, -2.2327639588215355e-07, 4.178752205702772e-06, -1.396776337940258e-07, -8.403916336467709e-05, 0.0001002813028125582, 7.238705287167246e-06, 3.543411016740085e-06, -1.396776337940258e-07, 0.00010340126103097228]",,,,1.30716546348,-0.0489162853056,0.0764038191283,,-0.00222082023672,0.000203290994797,-0.035552496993,"[0.00020514841941880133, 1.9431654315520857e-05, 2.3638047871908402e-05, 1.8054074854429053e-09, -9.062109297993368e-09, 3.895078435936727e-09, 1.9431654315520857e-05, 0.00035155399034962484, -6.750300723474952e-06, 1.889106746919057e-09, 5.9345791912755786e-09, -5.990204642198746e-08, 2.3638047871908402e-05, -6.750300723474952e-06, 0.00016693856254682655, 2.0555736105262035e-10, 1.4987576731880352e-09, 1.0114481193269434e-10, 1.8054074854429053e-09, 1.889106746919057e-09, 2.0555736105262035e-10, 1.8946929115071377e-09, -1.859199258980058e-12, -8.783017623021546e-12, -9.062109297993368e-09, 5.9345791912755786e-09, 1.4987576731880352e-09, -1.859199258980058e-12, 1.875793547989323e-09, -1.798871935611313e-12, 3.895078435936727e-09, -5.990204642198746e-08, 1.0114481193269434e-10, -8.783017623021546e-12, -1.798871935611313e-12, 1.8826787830651003e-09]"
1402416644863275180,,217291,,1402416644,862278938,/enu,/imu,,,,4.55408391328,10.2063762504,-31.6264325806,,-0.827102859227,-0.561438248487,0.0261333738204,0.00223610532047,"[0.04886916321304612, -0.01025880149891836, 0.003152756830914258, -4.478366333674238e-06, 3.279447769553371e-06, -8.40571291017169e-05, -0.01025880149891836, 0.061426924215637745, 0.000358205442086044, 1.3839195487970372e-06, 1.4588097199560557e-06, 0.00010010928761962191, 0.003152756830914258, 0.000358205442086044, 0.23035106110673084, 2.432934571333502e-07, -1.6306419209547337e-06, 7.245456449826667e-06, -4.478366333674238e-06, 1.3839195487970372e-06, 2.432934571333502e-07, 4.154651730130636e-06, -2.2330972202685076e-07, 3.5429599979859792e-06, 3.279447769553371e-06, 1.4588097199560557e-06, -1.6306419209547337e-06, -2.2330972202685076e-07, 4.226582089486934e-06, -1.4076244919957442e-07, -8.40571291017169e-05, 0.00010010928761962191, 7.245456449826667e-06, 3.5429599979859792e-06, -1.4076244919957442e-07, 0.00010343460608928024]",,,,1.31025247866,-0.0461603770507,0.070069176223,,0.00838216502974,0.0193107529519,-0.0248390577448,"[0.00020985121675992738, 1.943994310969585e-05, 2.300647221747869e-05, 1.826681633556502e-09, -9.286398540958395e-09, 4.068287620683521e-09, 1.943994310969585e-05, 0.00035620755616695254, -6.860275594826679e-06, 2.0815934770428e-09, 5.919644626444351e-09, -5.998136287859926e-08, 2.300647221747869e-05, -6.860275594826679e-06, 0.0001675097782890395, 1.9949971405203753e-10, 1.5325841006939708e-09, 1.0276880367453344e-10, 1.826681633556502e-09, 2.0815934770428e-09, 1.9949971405203753e-10, 1.894692903546765e-09, -1.859195107560507e-12, -8.783145358396252e-12, -9.286398540958395e-09, 5.919644626444351e-09, 1.5325841006939708e-09, -1.859195107560507e-12, 1.8757935118349814e-09, -1.7986165530765146e-12, 4.068287620683521e-09, -5.998136287859926e-08, 1.0276880367453344e-10, -8.783145358396252e-12, -1.7986165530765146e-12, 1.8826756824794298e-09]"
1402416644873238377,,217292,,1402416644,872277975,/enu,/imu,,,,4.55862544672,10.2187615384,-31.6277445822,,-0.827031703798,-0.561547454635,0.0260341518531,0.00228911387428,"[0.04887095414815283, -0.010258375501503636, 0.003152478326394719, -4.504029812172182e-06, 3.478809385103682e-06, -8.407503112848354e-05, -0.010258375501503636, 0.06142919453765206, 0.0003542236509492653, 1.2002743760858895e-06, 1.4840069456439672e-06, 9.995070050793739e-05, 0.003152478326394719, 0.0003542236509492653, 0.23036512367832823, 2.574119890048604e-07, -1.640082923286951e-06, 7.251172861615181e-06, -4.504029812172182e-06, 1.2002743760858895e-06, 2.574119890048604e-07, 4.19457748592608e-06, -2.2334305192395316e-07, 3.542508738447205e-06, 3.478809385103682e-06, 1.4840069456439672e-06, -1.640082923286951e-06, -2.2334305192395316e-07, 4.266544139205697e-06, -1.418544286806281e-07, -8.407503112848354e-05, 9.995070050793739e-05, 7.251172861615181e-06, 3.542508738447205e-06, -1.418544286806281e-07, 0.00010345999196793042]",,,,1.31326332836,-0.0438616676794,0.065461245272,,-0.00277305882039,0.0219614983061,-0.0279315883349,"[0.00021420100573500358, 1.944413082736053e-05, 2.2425157878629918e-05, 1.845982506159017e-09, -9.493543894024114e-09, 4.228490820924365e-09, 1.944413082736053e-05, 0.00036050243060429686, -6.941621441302612e-06, 2.259568035517476e-09, 5.905357868312728e-09, -6.005279171109742e-08, 2.2425157878629918e-05, -6.941621441302612e-06, 0.00016799193326581704, 1.941285092353143e-10, 1.563972402799455e-09, 9.770270351239461e-11, 1.845982506159017e-09, 2.259568035517476e-09, 1.941285092353143e-10, 1.894692895710805e-09, -1.8591913460880874e-12, -8.78327102493952e-12, -9.493543894024114e-09, 5.905357868312728e-09, 1.563972402799455e-09, -1.8591913460880874e-12, 1.875793475527879e-09, -1.798362086064237e-12, 4.228490820924365e-09, -6.005279171109742e-08, 9.770270351239461e-11, -8.78327102493952e-12, -1.798362086064237e-12, 1.8826725799847187e-09]"
1402416644884229850,,217293,,1402416644,883277893,/enu,/imu,,,,4.56348752246,10.2322432587,-31.6288357509,,-0.826948551985,-0.561669224745,0.0260514055766,0.00225801043361,"[0.048873015520408764, -0.010257870716751416, 0.0031519479803185876, -4.532611706718561e-06, 3.702945579600773e-06, -8.409730163405458e-05, -0.010257870716751416, 0.061431597080682854, 0.0003499615044558034, 9.93670315791348e-07, 1.5120958967550073e-06, 9.977865012045793e-05, 0.0031519479803185876, 0.0003499615044558034, 0.23038079325769759, 2.730139357362128e-07, -1.6507159792776904e-06, 7.2579889533354766e-06, -4.532611706718561e-06, 9.93670315791348e-07, 2.730139357362128e-07, 4.242912469946183e-06, -2.233770575031897e-07, 3.5420581672199913e-06, 3.702945579600773e-06, 1.5120958967550073e-06, -1.6507159792776904e-06, -2.233770575031897e-07, 4.314916204803047e-06, -1.4296189774213364e-07, -8.409730163405458e-05, 9.977865012045793e-05, 7.2579889533354766e-06, 3.5420581672199913e-06, -1.4296189774213364e-07, 0.00010349387065580476]",,,,1.31529286322,-0.0378527870534,0.0667168341301,,-0.00332529752704,-0.00620268193204,-0.0280420294446,"[0.00021913634862205818, 1.9449962569171017e-05, 2.176199154746667e-05, 1.867157188576811e-09, -9.723003469619549e-09, 4.405127550754404e-09, 1.9449962569171017e-05, 0.00036536959527633164, -7.039057785002603e-06, 2.457396357619389e-09, 5.889560162282533e-09, -6.013240083202311e-08, 2.176199154746667e-05, -7.039057785002603e-06, 0.00016855636472948518, 1.874870550201567e-10, 1.6015685654689895e-09, 9.050459199661881e-11, 1.867157188576811e-09, 2.457396357619389e-09, 1.874870550201567e-10, 1.8946928879581763e-09, -1.859187885831956e-12, -8.783394765993861e-12, -9.723003469619549e-09, 5.889560162282533e-09, 1.6015685654689895e-09, -1.859187885831956e-12, 1.8757934390074492e-09, -1.7981084433346061e-12, 4.405127550754404e-09, -6.013240083202311e-08, 9.050459199661881e-11, -8.783394765993861e-12, -1.7981084433346061e-12, 1.882669475916486e-09]"
1402416644894235146,,217294,,1402416644,893280029,/enu,/imu,,,,4.65059570963,10.2785271731,-31.6311962701,,-0.828118032735,-0.559486048455,0.0344236581476,0.00330109124361,"[0.048799261817672544, -0.010256881458960573, 0.003144063721486568, -4.347714697744909e-06, 2.886511783727355e-06, -8.400108858171626e-05, -0.010256881458960573, 0.06134258330767731, 0.0003620965661559341, 1.5796809998558687e-06, 1.4759539796877047e-06, 9.995311606252606e-05, 0.003144063721486568, 0.0003620965661559341, 0.230312698892312, 2.3464252548840567e-07, -1.7064866182949613e-06, 7.225904757985042e-06, -4.347714697744909e-06, 1.5796809998558687e-06, 2.3464252548840567e-07, 4.057486546045892e-06, -2.2372595831290091e-07, 3.4045297340774597e-06, 2.886511783727355e-06, 1.4759539796877047e-06, -1.7064866182949613e-06, -2.2372595831290091e-07, 4.141015858248614e-06, -1.4022807837490054e-07, -8.400108858171626e-05, 9.995311606252606e-05, 7.225904757985042e-06, 3.4045297340774597e-06, -1.4022807837490054e-07, 0.00010343554672740841]",,,,1.45120697309,0.0705935390213,0.0448275265978,,-0.00652284029925,0.0214032407641,-0.0217444766616,"[0.000206730607903658, 2.250321065501009e-06, 2.101646846453831e-05, 2.3152381569856497e-09, -9.44353837543169e-09, 8.838874335843879e-09, 2.250321065501009e-06, 0.00038635321276037586, -1.1106688061440076e-05, 1.0494111557516386e-09, 6.578711786453719e-09, -6.603810825426576e-08, 2.101646846453831e-05, -1.1106688061440076e-05, 0.00016844607742986506, -4.780630370606106e-11, 1.782065176953686e-09, 6.682224375292726e-10, 2.3152381569856497e-09, 1.0494111557516386e-09, -4.780630370606106e-11, 1.894649004899861e-09, -1.8570025385295556e-12, -8.774434333120156e-12, -9.44353837543169e-09, 6.578711786453719e-09, 1.782065176953686e-09, -1.8570025385295556e-12, 1.875742744241522e-09, -1.7712295828467735e-12, 8.838874335843879e-09, -6.603810825426576e-08, 6.682224375292726e-10, -8.774434333120156e-12, -1.7712295828467735e-12, 1.8826499125274463e-09]"
1402416644904240648,,217295,,1402416644,903279066,/enu,/imu,,,,4.65646282324,10.2914598597,-31.6321087819,,-0.828068491887,-0.559558525174,0.0344381037512,0.00329342657175,"[0.04880111346067829, -0.010256399776932643, 0.0031435923841864827, -4.3733122547086116e-06, 3.077692072682578e-06, -8.40218648271548e-05, -0.010256399776932643, 0.06134480692159396, 0.00035815994341867764, 1.4047693468250678e-06, 1.501105207580543e-06, 9.98123578543797e-05, 0.0031435923841864827, 0.00035815994341867764, 0.23032674236347628, 2.4882100495193964e-07, -1.7165173572427867e-06, 7.2318839043338015e-06, -4.3733122547086116e-06, 1.4047693468250678e-06, 2.4882100495193964e-07, 4.097417127281786e-06, -2.2375708061426658e-07, 3.4041069343357623e-06, 3.077692072682578e-06, 1.501105207580543e-06, -1.7165173572427867e-06, -2.2375708061426658e-07, 4.1809799358456066e-06, -1.4129552172670928e-07, -8.40218648271548e-05, 9.98123578543797e-05, 7.2318839043338015e-06, 3.4041069343357623e-06, -1.4129552172670928e-07, 0.00010346092950500281]",,,,1.45408795452,0.076511423597,0.0471253168666,,-6.42215383966e-06,-0.0036684021198,-0.0192041706572,"[0.00021099436444050064, 2.2043060189639547e-06, 2.0334900740880075e-05, 2.3350328577527425e-09, -9.644696100356689e-09, 8.990805723036725e-09, 2.2043060189639547e-06, 0.0003905020909580602, -1.1278582925969846e-05, 1.2231422121069325e-09, 6.565893542560128e-09, -6.610927427048581e-08, 2.0334900740880075e-05, -1.1278582925969846e-05, 0.0001689592108713955, -5.8043954369276724e-11, 1.8207974826272684e-09, 6.624372497372958e-10, 2.3350328577527425e-09, 1.2231422121069325e-09, -5.8043954369276724e-11, 1.8946489966865684e-09, -1.85699816328289e-12, -8.774565641950692e-12, -9.644696100356689e-09, 6.565893542560128e-09, 1.8207974826272684e-09, -1.85699816328289e-12, 1.8757427091210712e-09, -1.770978269708203e-12, 8.990805723036725e-09, -6.610927427048581e-08, 6.624372497372958e-10, -8.774565641950692e-12, -1.770978269708203e-12, 1.8826468100597377e-09]"
1402416644942832680,,217296,,1402416644,914278984,/enu,/imu,,,,4.66348227987,10.3061594774,-31.6339061997,,-0.827995222162,-0.559671004502,0.0343662134686,0.00335293435276,"[0.04880303138734201, -0.010255964797736503, 0.0031432303409344845, -4.401839048555801e-06, 3.292646521265179e-06, -8.404831742580601e-05, -0.010255964797736503, 0.06134723572500432, 0.0003538283648785879, 1.2079674791444437e-06, 1.529112029393806e-06, 9.966070296095878e-05, 0.0031432303409344845, 0.0003538283648785879, 0.2303425680729018, 2.645279987865863e-07, -1.7277671526102951e-06, 7.2384647646849954e-06, -4.401839048555801e-06, 1.2079674791444437e-06, 2.645279987865863e-07, 4.145756938575144e-06, -2.2378884656847988e-07, 3.4036853717488666e-06, 3.292646521265179e-06, 1.529112029393806e-06, -1.7277671526102951e-06, -2.2378884656847988e-07, 4.229353976256617e-06, -1.4237811203957226e-07, -8.404831742580601e-05, 9.966070296095878e-05, 7.2384647646849954e-06, 3.4036853717488666e-06, -1.4237811203957226e-07, 0.00010349480497636238]",,,,1.45811401544,0.0786859015746,0.0450227761092,,0.00109805566355,0.0163226418206,-0.0264937148611,"[0.00021580974286775995, 2.1450216483691738e-06, 1.9584305985832965e-05, 2.356639326829451e-09, -9.868894463553875e-09, 9.163318167130218e-09, 2.1450216483691738e-06, 0.0003952090795902546, -1.1473220935465843e-05, 1.4163973102730622e-09, 6.5510299533004794e-09, -6.618805080517203e-08, 1.9584305985832965e-05, -1.1473220935465843e-05, 0.00016958344732168602, -6.893754030298602e-11, 1.8613651529749376e-09, 6.589178335409527e-10, 2.356639326829451e-09, 1.4163973102730622e-09, -6.893754030298602e-11, 1.8946489885694396e-09, -1.8569941243374712e-12, -8.774695063089015e-12, -9.868894463553875e-09, 6.5510299533004794e-09, 1.8613651529749376e-09, -1.8569941243374712e-12, 1.8757426738176074e-09, -1.7707278190172286e-12, 9.163318167130218e-09, -6.618805080517203e-08, 6.589178335409527e-10, -8.774695063089015e-12, -1.7707278190172286e-12, 1.88264370593229e-09]"
1402416644942873336,,217297,,1402416644,924288988,/enu,/imu,,,,4.66958082185,10.3192467977,-31.6349184623,,-0.827952350068,-0.559733291387,0.0343797066116,0.00340357214554,"[0.04880487770826179, -0.010255501778337558, 0.003142855994808215, -4.4280792506513945e-06, 3.4927281490370585e-06, -8.407356812839817e-05, -0.010255501778337558, 0.061349429127310444, 0.0003499673962096021, 1.0246952003417412e-06, 1.5547139118119743e-06, 9.95230957710841e-05, 0.003142855994808215, 0.0003499673962096021, 0.2303567064450832, 2.7892355515572245e-07, -1.7382149044811505e-06, 7.244595768719796e-06, -4.4280792506513945e-06, 1.0246952003417412e-06, 2.7892355515572245e-07, 4.185772304605466e-06, -2.2382060166272288e-07, 3.403263105006854e-06, 3.4927281490370585e-06, 1.5547139118119743e-06, -1.7382149044811505e-06, -2.2382060166272288e-07, 4.269403782538231e-06, -1.4346802946659614e-07, -8.407356812839817e-05, 9.95230957710841e-05, 7.244595768719796e-06, 3.403263105006854e-06, -1.4346802946659614e-07, 0.0001035202602426094]",,,,1.46150328238,0.0850949395713,0.0425354172334,,0.009602533501,0.00306890948095,-0.0171056478237,"[0.00022024840057004115, 2.1116403654781603e-06, 1.8883542591308697e-05, 2.3763594118842003e-09, -1.007400216280751e-08, 9.314383916118825e-09, 2.1116403654781603e-06, 0.00039952371042379205, -1.167634102305976e-05, 1.5940729284336108e-09, 6.538402280141759e-09, -6.625946831595712e-08, 1.8883542591308697e-05, -1.167634102305976e-05, 0.0001701054983611092, -7.95154654303127e-11, 1.8991630224915885e-09, 6.601189671579232e-10, 2.3763594118842003e-09, 1.5940729284336108e-09, -7.95154654303127e-11, 1.8946489805588224e-09, -1.856990447994726e-12, -8.77482242935179e-12, -1.007400216280751e-08, 6.538402280141759e-09, 1.8991630224915885e-09, -1.856990447994726e-12, 1.875742638379936e-09, -1.770478273744857e-12, 9.314383916118825e-09, -6.625946831595712e-08, 6.601189671579232e-10, -8.77482242935179e-12, -1.770478273744857e-12, 1.8826405998773864e-09]"
1402416644942895649,,217298,,1402416644,935277938,/enu,/imu,,,,4.72928224071,10.3506940001,-31.6203012868,,-0.828556070162,-0.558534212156,0.0389428696858,0.00422200773346,"[0.0487316560996865, -0.010254385766832175, 0.0031349348313216494, -4.249809834987636e-06, 2.71236909951992e-06, -8.393956609096325e-05, -0.010254385766832175, 0.06126109305526849, 0.00036169271030909913, 1.5805974865532533e-06, 1.521702292467175e-06, 9.966565648881443e-05, 0.0031349348313216494, 0.00036169271030909913, 0.23028995611528805, 2.4583877443376603e-07, -1.7773359541437723e-06, 7.2191723548957455e-06, -4.249809834987636e-06, 1.5805974865532533e-06, 2.4583877443376603e-07, 4.020278487135234e-06, -2.2259963190098273e-07, 3.2830704502201906e-06, 2.71236909951992e-06, 1.521702292467175e-06, -1.7773359541437723e-06, -2.2259963190098273e-07, 4.112789298314437e-06, -1.2756585502982183e-07, -8.393956609096325e-05, 9.966565648881443e-05, 7.2191723548957455e-06, 3.2830704502201906e-06, -1.2756585502982183e-07, 0.00010348534656415261]",,,,1.53609206129,0.150894963551,0.0278733701626,,-0.0152450046819,0.0185283682999,-0.0219641894066,"[0.0002080017235248824, -9.345059213726451e-06, 2.0122008565149168e-05, 2.6052777964277445e-09, -9.617709488607042e-09, 1.1831968960116125e-08, -9.345059213726451e-06, 0.0004059030003159281, -1.3703902192268076e-05, 5.292866394639558e-10, 6.884859808149857e-09, -6.941940588421884e-08, 2.0122008565149168e-05, -1.3703902192268076e-05, 0.00016962464877637133, -1.8731434736791996e-10, 1.912554459968651e-09, 1.0415369648259198e-09, 2.6052777964277445e-09, 5.292866394639558e-10, -1.8731434736791996e-10, 1.894606515888698e-09, -1.8543121387833897e-12, -8.769274236333857e-12, -9.617709488607042e-09, 6.884859808149857e-09, 1.912554459968651e-09, -1.8543121387833897e-12, 1.875694242972674e-09, -1.7459213792951774e-12, 1.1831968960116125e-08, -6.941940588421884e-08, 1.0415369648259198e-09, -8.769274236333857e-12, -1.7459213792951774e-12, 1.8826240419533776e-09]"
1402416644982825893,,217299,,1402416644,945274114,/enu,/imu,,,,4.7361945338,10.3642143526,-31.6213920418,,-0.828526027244,-0.558588985545,0.0388013591081,0.00417395950052,"[0.04873335569912457, -0.010254027856249829, 0.003134595559537383, -4.275542037221087e-06, 2.900399913641624e-06, -8.396663404520199e-05, -0.010254027856249829, 0.061263225729783564, 0.00035783184278387494, 1.409471828667999e-06, 1.5468461520871564e-06, 9.95437181082548e-05, 0.003134595559537383, 0.00035783184278387494, 0.2303040207372524, 2.6025257790895873e-07, -1.7880746691987158e-06, 7.225328064077816e-06, -4.275542037221087e-06, 1.409471828667999e-06, 2.6025257790895873e-07, 4.0601884892640995e-06, -2.2262932466295973e-07, 3.282670196798718e-06, 2.900399913641624e-06, 1.5468461520871564e-06, -1.7880746691987158e-06, -2.2262932466295973e-07, 4.152730841675054e-06, -1.2862721027959372e-07, -8.396663404520199e-05, 9.95437181082548e-05, 7.225328064077816e-06, 3.282670196798718e-06, -1.2862721027959372e-07, 0.00010351068295779128]",,,,1.53924373422,0.154334613438,0.0302174949239,,-0.0240808254161,0.0177552330549,-0.0140119425658,"[0.00021222600875532764, -9.410154507213576e-06, 1.9399083723612904e-05, 2.6249235377869777e-09, -9.81628567141508e-09, 1.1976784655052729e-08, -9.410154507213576e-06, 0.00041000232020175294, -1.3867224532303662e-05, 7.012332423845012e-10, 6.872356342033239e-09, -6.949099061494224e-08, 1.9399083723612904e-05, -1.3867224532303662e-05, 0.00017016708384333124, -1.9948082247178028e-10, 1.953654958936926e-09, 1.0210860502890463e-09, 2.6249235377869777e-09, 7.012332423845012e-10, -1.9948082247178028e-10, 1.8946065074579142e-09, -1.8543076384267144e-12, -8.769408280281171e-12, -9.81628567141508e-09, 6.872356342033239e-09, 1.953654958936926e-09, -1.8543076384267144e-12, 1.8756942087226583e-09, -1.7456736484930874e-12, 1.1976784655052729e-08, -6.949099061494224e-08, 1.0210860502890463e-09, -8.769408280281171e-12, -1.7456736484930874e-12, 1.882620935226639e-09]"
1402416644982853373,,217300,,1402416644,956276893,/enu,/imu,,,,4.74415722478,10.3793882839,-31.6229244211,,-0.828473707906,-0.558668325726,0.0387788576601,0.004149377984,"[0.048735353681537634, -0.010253536515352648, 0.0031340632412305584, -4.304229775807404e-06, 3.1120622889106695e-06, -8.39999853983026e-05, -0.010253536515352648, 0.06126571214246951, 0.0003534938624251858, 1.2167248735926317e-06, 1.5748708207530207e-06, 9.941444768800804e-05, 0.0031340632412305584, 0.0003534938624251858, 0.2303197913764396, 2.762381313806626e-07, -1.800196520321669e-06, 7.232429383789951e-06, -4.304229775807404e-06, 1.2167248735926317e-06, 2.762381313806626e-07, 4.10855580577592e-06, -2.2265963900421227e-07, 3.282271372146364e-06, 3.1120622889106695e-06, 1.5748708207530207e-06, -1.800196520321669e-06, -2.2265963900421227e-07, 4.201130407941795e-06, -1.2970356565198007e-07, -8.39999853983026e-05, 9.941444768800804e-05, 7.232429383789951e-06, 3.282271372146364e-06, -1.2970356565198007e-07, 0.00010354456063212138]",,,,1.54405381979,0.161649520967,0.0237033014925,,-0.00640918328091,0.000414933503006,-0.0187611884022,"[0.0002170177674501007, -9.489416115887966e-06, 1.8586595116092847e-05, 2.6464170273875e-09, -1.0036754932122258e-08, 1.2140500538322547e-08, -9.489416115887966e-06, 0.00041465209244063376, -1.4095319988825327e-05, 8.924550777065529e-10, 6.858459482927965e-09, -6.957026020054979e-08, 1.8586595116092847e-05, -1.4095319988825327e-05, 0.00017081447127442612, -2.1369752645314896e-10, 1.9996065635239175e-09, 1.0098630315121653e-09, 2.6464170273875e-09, 8.924550777065529e-10, -2.1369752645314896e-10, 1.8946064991217096e-09, -1.854303470277213e-12, -8.769540471389868e-12, -1.0036754932122258e-08, 6.858459482927965e-09, 1.9996065635239175e-09, -1.854303470277213e-12, 1.875694174335545e-09, -1.7454267979985395e-12, 1.2140500538322547e-08, -6.957026020054979e-08, 1.0098630315121653e-09, -8.769540471389868e-12, -1.7454267979985395e-12, 1.882617826819381e-09]"
1402416644982881444,,217301,,1402416644,966267108,/enu,/imu,,,,4.75136724944,10.3929195736,-31.6239993694,,-0.828438969164,-0.558728167671,0.0386663115273,0.0040774224874,"[0.048737208593495396, -0.010253089151946388, 0.003133740427700512, -4.3305302196837385e-06, 3.3086715527934656e-06, -8.403094380826122e-05, -0.010253089151946388, 0.06126800345839491, 0.0003495583050861592, 1.0376684779017006e-06, 1.6004373275972103e-06, 9.929922331883459e-05, 0.003133740427700512, 0.0003495583050861592, 0.23033399382136957, 2.9081492013292965e-07, -1.8114890979050383e-06, 7.238595948177764e-06, -4.3305302196837385e-06, 1.0376684779017006e-06, 2.9081492013292965e-07, 4.148415120318562e-06, -2.226899308379238e-07, 3.2818715404205954e-06, 3.3086715527934656e-06, 1.6004373275972103e-06, -1.8114890979050383e-06, -2.226899308379238e-07, 4.241022196525667e-06, -1.3078725780879086e-07, -8.403094380826122e-05, 9.929922331883459e-05, 7.238595948177764e-06, 3.2818715404205954e-06, -1.3078725780879086e-07, 0.00010356983256505661]",,,,1.54677043526,0.16568288141,0.0267872206548,,-0.0248539593141,0.0102447833864,-0.0152268518138,"[0.00022141311789704806, -9.55124578491498e-06, 1.7839044021233846e-05, 2.665937248778065e-09, -1.0238911309517709e-08, 1.228653961666953e-08, -9.55124578491498e-06, 0.0004189102244056226, -1.426293976090008e-05, 1.0681612634410325e-09, 6.845671431830206e-09, -6.964174678003377e-08, 1.7839044021233846e-05, -1.426293976090008e-05, 0.00017135611272783028, -2.2630642389355196e-10, 2.0417526050934307e-09, 9.87975719276024e-10, 2.665937248778065e-09, 1.0681612634410325e-09, -2.2630642389355196e-10, 1.89460649089386e-09, -1.8542996639528665e-12, -8.769670608051372e-12, -1.0238911309517709e-08, 6.845671431830206e-09, 2.0417526050934307e-09, -1.8542996639528665e-12, 1.875694139778244e-09, -1.7451808966163892e-12, 1.228653961666953e-08, -6.964174678003377e-08, 9.87975719276024e-10, -8.769670608051372e-12, -1.7451808966163892e-12, 1.882614716492126e-09]"
1402416644982906395,,217302,,1402416644,976267099,/enu,/imu,,,,4.75862092399,10.4066343592,-31.6252853527,,-0.828396339701,-0.558797108135,0.0385840940246,0.00406988919194,"[0.04873911492681554, -0.010252670658201814, 0.0031332683123371195, -4.357138625582205e-06, 3.5097768651199137e-06, -8.4064036906327e-05, -0.010252670658201814, 0.06127034265576549, 0.00034561335495565405, 8.54448014641705e-07, 1.626253643988457e-06, 9.91866639542729e-05, 0.0031332683123371195, 0.00034561335495565405, 0.23034830523582983, 3.054949057663933e-07, -1.8230712134284524e-06, 7.244979235110097e-06, -4.357138625582205e-06, 8.54448014641705e-07, 3.054949057663933e-07, 4.188351270426215e-06, -2.2272049743575798e-07, 3.281471901146436e-06, 3.5097768651199137e-06, 1.626253643988457e-06, -1.8230712134284524e-06, -2.2272049743575798e-07, 4.280991256736175e-06, -1.3188107403474907e-07, -8.4064036906327e-05, 9.91866639542729e-05, 7.244979235110097e-06, 3.281471901146436e-06, -1.3188107403474907e-07, 0.00010359517674244352]",,,,1.55142609703,0.171315900937,0.0159338066746,,-0.0108270933289,0.0123432899043,-0.0180984853168,"[0.00022589548955579295, -9.61279294194688e-06, 1.708407434462715e-05, 2.685404080897259e-09, -1.0443122477573563e-08, 1.243488842926863e-08, -9.61279294194688e-06, 0.0004232467676941507, -1.4468658023205258e-05, 1.2457313861841155e-09, 6.832787845123246e-09, -6.971288209535526e-08, 1.708407434462715e-05, -1.4468658023205258e-05, 0.0001719049416788886, -2.3915308028604466e-10, 2.0829111747362937e-09, 9.76095446189794e-10, 2.685404080897259e-09, 1.2457313861841155e-09, -2.3915308028604466e-10, 1.894606482792951e-09, -1.8542961762657225e-12, -8.769798873627648e-12, -1.0443122477573563e-08, 6.832787845123246e-09, 2.0829111747362937e-09, -1.8542961762657225e-12, 1.8756941050290197e-09, -1.744935859924677e-12, 1.243488842926863e-08, -6.971288209535526e-08, 9.76095446189794e-10, -8.769798873627648e-12, -1.744935859924677e-12, 1.8826116045191942e-09]"
1402416645022829373,,217303,,1402416644,987266063,/enu,/imu,,,,4.78755851,10.4183469941,-31.5438075981,,-0.828678043811,-0.558296525821,0.0398257123715,0.00340611173843,"[0.04866598899177375, -0.010251576559817255, 0.0031255563419124704, -4.194614449222706e-06, 2.7024700591239047e-06, -8.391444473550643e-05, -0.010251576559817255, 0.06118199379558171, 0.0003574707723829442, 1.4536263636702658e-06, 1.5925951438291405e-06, 9.926320501740601e-05, 0.0031255563419124704, 0.0003574707723829442, 0.2302814188728553, 2.767047341928663e-07, -1.8433490020642323e-06, 7.225173004961443e-06, -4.194614449222706e-06, 1.4536263636702658e-06, 2.767047341928663e-07, 4.0235128433894545e-06, -2.2141828079586865e-07, 3.1943231815602667e-06, 2.7024700591239047e-06, 1.5925951438291405e-06, -1.8433490020642323e-06, -2.2141828079586865e-07, 4.122738169081983e-06, -1.0391415153132053e-07, -8.391444473550643e-05, 9.926320501740601e-05, 7.225173004961443e-06, 3.1943231815602667e-06, -1.0391415153132053e-07, 0.000103589499834571]",,,,1.57883145245,0.180598343433,-0.00170962977166,,-0.0225342760773,0.0141089544153,-0.0159994245765,"[0.00020982415804862776, -1.1712978299361428e-05, 1.976117267988103e-05, 2.644703207828728e-09, -9.666205606387821e-09, 1.2423934261632147e-08, -1.1712978299361428e-05, 0.00041599095330329804, -1.3947928923640795e-05, 3.668104097374218e-10, 6.948002373483453e-09, -7.089262333888368e-08, 1.976117267988103e-05, -1.3947928923640795e-05, 0.00017064687208190698, -2.0921605603500533e-10, 1.987055363279187e-09, 1.045376869048134e-09, 2.644703207828728e-09, 3.668104097374218e-10, -2.0921605603500533e-10, 1.894562773979095e-09, -1.8516930096162265e-12, -8.768221280872938e-12, -9.666205606387821e-09, 6.948002373483453e-09, 1.987055363279187e-09, -1.8516930096162265e-12, 1.875646587057647e-09, -1.7260095549995555e-12, 1.2423934261632147e-08, -7.089262333888368e-08, 1.045376869048134e-09, -8.768221280872938e-12, -1.7260095549995555e-12, 1.8826009152023856e-09]"
1402416645022860807,,217304,,1402416644,997283935,/enu,/imu,,,,4.79514763149,10.432396866,-31.5449542384,,-0.828639224591,-0.558361544694,0.0397212592658,0.00341210180943,"[0.048667765555834214, -0.01025118420410569, 0.0031250824519941443, -4.220706128707777e-06, 2.892058971627266e-06, -8.394836965595396e-05, -0.01025118420410569, 0.06118435275935328, 0.0003534104900636852, 1.281928290173475e-06, 1.617967735288281e-06, 9.916535248106288e-05, 0.0031250824519941443, 0.0003534104900636852, 0.2302958015464977, 2.914860790093942e-07, -1.855223186956858e-06, 7.231571677250788e-06, -4.220706128707777e-06, 1.281928290173475e-06, 2.914860790093942e-07, 4.0635971045935406e-06, -2.2144720888740992e-07, 3.1939368529081026e-06, 2.892058971627266e-06, 1.617967735288281e-06, -1.855223186956858e-06, -2.2144720888740992e-07, 4.162852727093835e-06, -1.0498182017682472e-07, -8.394836965595396e-05, 9.916535248106288e-05, 7.231571677250788e-06, 3.1939368529081026e-06, -1.0498182017682472e-07, 0.00010361496838486852]",,,,1.58397155624,0.186394820694,-0.00909909062013,,-0.0110477085826,0.0175328341261,-0.017103893879,"[0.00021406020332327184, -1.1780584025654212e-05, 1.901817806765303e-05, 2.6640156686736883e-09, -9.86437147890741e-09, 1.2568459443806633e-08, -1.1780584025654212e-05, 0.0004201012474895023, -1.4145396757584602e-05, 5.388187817109314e-10, 6.935489290694868e-09, -7.096424782058814e-08, 1.901817806765303e-05, -1.4145396757584602e-05, 0.00017120636853079583, -2.2210415826058435e-10, 2.0286513731500044e-09, 1.0337215234214113e-09, 2.6640156686736883e-09, 5.388187817109314e-10, -2.2210415826058435e-10, 1.8945627654836185e-09, -1.851688703747751e-12, -8.768355757372126e-12, -9.86437147890741e-09, 6.935489290694868e-09, 2.0286513731500044e-09, -1.851688703747751e-12, 1.875646553364617e-09, -1.725765100987108e-12, 1.2568459443806633e-08, -7.096424782058814e-08, 1.0337215234214113e-09, -8.768355757372126e-12, -1.725765100987108e-12, 1.882597799625769e-09]"
1402416645022884643,,217305,,1402416645,7994890,/enu,/imu,,,,4.80327014176,10.4471778432,-31.5457697573,,-0.828606786057,-0.558417495972,0.0396103107892,0.00342309401891,"[0.04866981617638681, -0.0102506564389799, 0.003124569500146648, -4.248940864570277e-06, 3.099291530612383e-06, -8.398780484843719e-05, -0.0102506564389799, 0.06118673303984029, 0.00034931879594520346, 1.0941451973739316e-06, 1.6453981552214345e-06, 9.906495211658593e-05, 0.003124569500146648, 0.00034931879594520346, 0.2303109995208034, 3.0736684666710777e-07, -1.868199983152455e-06, 7.238808774360864e-06, -4.248940864570277e-06, 1.0941451973739316e-06, 3.0736684666710777e-07, 4.109429228150533e-06, -2.2147663782624313e-07, 3.1935515497856185e-06, 3.099291530612383e-06, 1.6453981552214345e-06, -1.868199983152455e-06, -2.2147663782624313e-07, 4.208715762051726e-06, -1.0606297722690193e-07, -8.398780484843719e-05, 9.906495211658593e-05, 7.238808774360864e-06, 3.1935515497856185e-06, -1.0606297722690193e-07, 0.0001036462409068995]",,,,1.58673904691,0.190885623107,-0.00506243863137,,-0.0101641262262,0.0179746241773,-0.0141217952742,"[0.00021870528760014381, -1.184360343966586e-05, 1.821252965036657e-05, 2.684637206527966e-09, -1.0078091390823919e-08, 1.2720953782258528e-08, -1.184360343966586e-05, 0.00042461908397079727, -1.4364341136945905e-05, 7.246724085523522e-10, 6.922445222860205e-09, -7.10421537733161e-08, 1.821252965036657e-05, -1.4364341136945905e-05, 0.00017184058567244967, -2.360165083375527e-10, 2.073109752567604e-09, 1.0220637834914861e-09, 2.684637206527966e-09, 7.246724085523522e-10, -2.360165083375527e-10, 1.894562757108136e-09, -1.8516847032713486e-12, -8.768488382204667e-12, -1.0078091390823919e-08, 6.922445222860205e-09, 2.073109752567604e-09, -1.8516847032713486e-12, 1.8756465195284186e-09, -1.7255215150889947e-12, 1.2720953782258528e-08, -7.10421537733161e-08, 1.0220637834914861e-09, -8.768488382204667e-12, -1.7255215150889947e-12, 1.882594682399404e-09]"
1402416645022911535,,217306,,1402416645,18263101,/enu,/imu,,,,4.81119696228,10.4616433566,-31.5470254297,,-0.828588460365,-0.558452134607,0.0395113472562,0.00335114027105,"[0.048671729079235546, -0.010250239821902592, 0.0031241374039148563, -4.2762478021904556e-06, 3.3021959197322075e-06, -8.402595166155239e-05, -0.010250239821902592, 0.0611891860633482, 0.0003452414712570449, 9.101548157134236e-07, 1.6718501762864635e-06, 9.89705735288456e-05, 0.0031241374039148563, 0.0003452414712570449, 0.23032568238065418, 3.226502995746284e-07, -1.8808506205369806e-06, 7.245508850337707e-06, -4.2762478021904556e-06, 9.101548157134236e-07, 3.226502995746284e-07, 4.151542830878045e-06, -2.2150622075058827e-07, 3.1931659586915657e-06, 3.3021959197322075e-06, 1.6718501762864635e-06, -1.8808506205369806e-06, -2.2150622075058827e-07, 4.25086063549272e-06, -1.0715370291134416e-07, -8.402595166155239e-05, 9.89705735288456e-05, 7.245508850337707e-06, 3.1931659586915657e-06, -1.0715370291134416e-07, 0.00010367374845350059]",,,,1.58935272958,0.196484519321,-0.00029744138518,,-0.0225342753455,0.00792387691926,-0.00893074223352,"[0.0002232323804168293, -1.1893019557256852e-05, 1.7420976019659895e-05, 2.704393349048339e-09, -1.0284496864699686e-08, 1.28637278277577e-08, -1.1893019557256852e-05, 0.00042901516932900626, -1.4545885165993126e-05, 9.04886744877624e-10, 6.9100999576522494e-09, -7.111714902377599e-08, 1.7420976019659895e-05, -1.4545885165993126e-05, 0.00017242157560805088, -2.496866584423601e-10, 2.117764513199803e-09, 1.000533658311276e-09, 2.704393349048339e-09, 9.04886744877624e-10, -2.496866584423601e-10, 1.894562748829418e-09, -1.851681057595331e-12, -8.76861901137864e-12, -1.0284496864699686e-08, 6.9100999576522494e-09, 2.117764513199803e-09, -1.851681057595331e-12, 1.8756464854918037e-09, -1.7252788620146169e-12, 1.28637278277577e-08, -7.111714902377599e-08, 1.000533658311276e-09, -8.76861901137864e-12, -1.7252788620146169e-12, 1.882591563286889e-09]"
1402416645062815995,,217307,,1402416645,28249979,/enu,/imu,,,,4.81918336963,10.4755485327,-31.5480579436,,-0.828567258097,-0.55849457336,0.0393585393752,0.00331899323541,"[0.0486736516260725, -0.010249742427236749, 0.0031235799200600963, -4.303082221184314e-06, 3.503818171333794e-06, -8.406470628056124e-05, -0.010249742427236749, 0.06119163956313887, 0.00034119339332095875, 7.272479154978229e-07, 1.6977677824515777e-06, 9.888106043321726e-05, 0.0031235799200600963, 0.00034119339332095875, 0.23034006392433756, 3.375952304293442e-07, -1.8934252901312418e-06, 7.252211456950182e-06, -4.303082221184314e-06, 7.272479154978229e-07, 3.375952304293442e-07, 4.191374582024157e-06, -2.2153598714234604e-07, 3.1927802305000156e-06, 3.503818171333794e-06, 1.6977677824515777e-06, -1.8934252901312418e-06, -2.2153598714234604e-07, 4.290724031414881e-06, -1.0825377725070821e-07, -8.406470628056124e-05, 9.888106043321726e-05, 7.252211456950182e-06, 3.1927802305000156e-06, -1.0825377725070821e-07, 0.00010369894307857309]",,,,1.59409681238,0.200386737822,-0.00786571543176,,-0.0226447228938,0.021508950725,-0.0111396892865,"[0.00022770450402361352, -1.193973580551558e-05, 1.6648159729573827e-05, 2.723601285469166e-09, -1.0487409157136504e-08, 1.3004142529439382e-08, -1.193973580551558e-05, 0.0004333552189254375, -1.472657774808708e-05, 1.0819928003838101e-09, 6.897783546324022e-09, -7.118953436673797e-08, 1.6648159729573827e-05, -1.472657774808708e-05, 0.00017297977999204922, -2.6269756640670774e-10, 2.159947634265332e-09, 9.812459171639698e-10, 2.723601285469166e-09, 1.0819928003838101e-09, -2.6269756640670774e-10, 1.8945627406252364e-09, -1.851677742675245e-12, -8.768747730342924e-12, -1.0487409157136504e-08, 6.897783546324022e-09, 2.159947634265332e-09, -1.851677742675245e-12, 1.8756464513079962e-09, -1.725037121442579e-12, 1.3004142529439382e-08, -7.118953436673797e-08, 9.812459171639698e-10, -8.768747730342924e-12, -1.725037121442579e-12, 1.8825884424489727e-09]"
1402416645062844711,,217308,,1402416645,38264036,/enu,/imu,,,,4.79884539898,10.4827161484,-31.5237297557,,-0.82816318214,-0.55933275446,0.035909546666,0.00176578414551,"[0.048600420337269634, -0.01024870517067348, 0.0031160062014664834, -4.144714569664311e-06, 2.6555299741297505e-06, -8.38773070649591e-05, -0.01024870517067348, 0.061103229463037596, 0.00035352482302404635, 1.3725178321572318e-06, 1.660559299740309e-06, 9.892583739432172e-05, 0.0031160062014664834, 0.00035352482302404635, 0.23027165900593227, 3.0979883227155445e-07, -1.8959037263438394e-06, 7.232631810590317e-06, -4.144714569664311e-06, 1.3725178321572318e-06, 3.0979883227155445e-07, 4.019212576451619e-06, -2.2006452537824622e-07, 3.1261110952879308e-06, 2.6555299741297505e-06, 1.660559299740309e-06, -1.8959037263438394e-06, -2.2006452537824622e-07, 4.123617374752985e-06, -6.92640470966313e-08, -8.38773070649591e-05, 9.892583739432172e-05, 7.232631810590317e-06, 3.1261110952879308e-06, -6.92640470966313e-08, 0.00010369581662303634]",,,,1.55322338955,0.146938789408,0.00270611646432,,-0.0235312328161,0.00759442425248,-0.0133493237304,"[0.00020791717373186896, -2.147669648855171e-06, 2.096174591924043e-05, 2.370872743687028e-09, -9.415541209971618e-09, 1.012414988347776e-08, -2.147669648855171e-06, 0.00040506147810733906, -1.1443963629186537e-05, 5.467510190547315e-10, 6.642437552984882e-09, -6.929877934802998e-08, 2.096174591924043e-05, -1.1443963629186537e-05, 0.00017066408127440144, -7.964364775333348e-11, 1.8934299160121046e-09, 7.323512944431568e-10, 2.370872743687028e-09, 5.467510190547315e-10, -7.964364775333348e-11, 1.8945182346437444e-09, -1.849052054668224e-12, -8.770447409318122e-12, -9.415541209971618e-09, 6.642437552984882e-09, 1.8934299160121046e-09, -1.849052054668224e-12, 1.875599563993786e-09, -1.7091898900908212e-12, 1.012414988347776e-08, -6.929877934802998e-08, 7.323512944431568e-10, -8.770447409318122e-12, -1.7091898900908212e-12, 1.882580055202777e-09]"
