rosbagTimestamp,header,seq,stamp,secs,nsecs,frame_id,child_frame_id,pose,pose,position,x,y,z,orientation,x,y,z,w,covariance,twist,twist,linear,x,y,z,angular,x,y,z,covariance
1402416644855121461,,263461,,1402416644,820303916,/enu,/base_link,,,,4.41341381104,10.0150468475,-31.4725476563,,-0.00187665081646,0.018690615105,0.561336698106,0.827374310967,"[0.04891967766991042, -0.010245519146548903, 0.00316331474879859, -4.170055771132827e-06, 3.867164062929431e-06, -7.186220689331976e-05, -0.010245519146548903, 0.061500307689034465, 0.0003581402454392359, 8.084354920480493e-07, 1.438213304993848e-06, 9.538172223971727e-05, 0.00316331474879859, 0.0003581402454392359, 0.23037369983572403, -2.6518068354329e-07, -1.306550372324354e-06, 6.824370399433276e-06, -4.170055771132827e-06, 8.084354920480493e-07, -2.6518068354329e-07, 4.203149091415341e-06, -2.2211105859854257e-07, 3.7035871453882632e-06, 3.867164062929431e-06, 1.438213304993848e-06, -1.306550372324354e-06, -2.2211105859854257e-07, 4.26146377591587e-06, -1.2996256510995056e-07, -7.186220689331976e-05, 9.538172223971727e-05, 6.824370399433276e-06, 3.7035871453882632e-06, -1.2996256510995056e-07, 0.00010342882735672388]",,,,1.21088846028,0.201383785221,-0.0690678998181,,0.00959004661291,-0.0185411593688,0.0331227933956,"[0.00021050269419023413, -3.8327866900180277e-05, -2.544535123314752e-05, 1.1682507879062119e-09, 8.820799259851584e-09, 2.6964999353772297e-09, -3.8327866900180277e-05, 0.00033564289857550994, -1.6751814921969759e-06, -2.863300497143953e-09, 5.564316276878956e-09, -5.616960390399106e-08, -2.544535123314752e-05, -1.6751814921969759e-06, 0.0001665861270653556, -5.316670641529727e-10, 1.6145934370673944e-09, -6.593236909986519e-10, 1.1682507879062119e-09, -2.863300497143953e-09, -5.316670641529727e-10, 1.8947357461792163e-09, 1.8611506929620796e-12, 8.794452556977471e-12, 8.820799259851584e-09, 5.564316276878956e-09, 1.6145934370673944e-09, 1.8611506929620796e-12, 1.875844540848493e-09, -1.829987357731014e-12, 2.6964999353772297e-09, -5.616960390399106e-08, -6.593236909986519e-10, 8.794452556977471e-12, -1.829987357731014e-12, 1.8827102075637913e-09]"
1402416644855148995,,263462,,1402416644,831302881,/enu,/base_link,,,,4.41617931146,10.0281881809,-31.4736179406,,-0.00186326545744,0.0186916690982,0.561475074057,0.827280418577,"[0.048921711140424255, -0.010245028285901967, 0.003162933770011705, -4.197910563145629e-06, 4.095072411787818e-06, -7.1872066302335e-05, -0.010245028285901967, 0.06150270829820371, 0.0003539052560876955, 5.969050251132168e-07, 1.4657501337169504e-06, 9.519314360054043e-05, 0.003162933770011705, 0.0003539052560876955, 0.23038929393360263, -2.5550999532257463e-07, -1.3142007914425905e-06, 6.830866829926033e-06, -4.197910563145629e-06, 5.969050251132168e-07, -2.5550999532257463e-07, 4.251473468894824e-06, -2.2214685883432155e-07, 3.703101951343726e-06, 4.095072411787818e-06, 1.4657501337169504e-06, -1.3142007914425905e-06, -2.2214685883432155e-07, 4.309827357391291e-06, -1.3107110951404362e-07, -7.1872066302335e-05, 9.519314360054043e-05, 6.830866829926033e-06, 3.703101951343726e-06, -1.3107110951404362e-07, 0.00010346270409198634]",,,,1.21304378719,0.200110165125,-0.0752023246487,,0.00174825553055,-0.0009799644045,0.0314660721621,"[0.00021529024466347175, -3.8377994023236026e-05, -2.486609850114357e-05, 1.190104840680163e-09, 9.051772375465463e-09, 2.5146687077647957e-09, -3.8377994023236026e-05, 0.0003404932538990284, -1.6472435482843573e-06, -3.0608166008378334e-09, 5.549158060304907e-09, -5.6253218310596755e-08, -2.486609850114357e-05, -1.6472435482843573e-06, 0.00016712661239426138, -5.316063552885221e-10, 1.6471250103598721e-09, -6.626873358587489e-10, 1.190104840680163e-09, -3.0608166008378334e-09, -5.316063552885221e-10, 1.8947357385908607e-09, 1.861147110889912e-12, 8.79457451290227e-12, 9.051772375465463e-09, 5.549158060304907e-09, 1.6471250103598721e-09, 1.861147110889912e-12, 1.875844503327868e-09, -1.8297278674844402e-12, 2.5146687077647957e-09, -5.6253218310596755e-08, -6.626873358587489e-10, 8.79457451290227e-12, -1.8297278674844402e-12, 1.8827071042700655e-09]"
1402416644855254848,,263463,,1402416644,841305017,/enu,/base_link,,,,4.50167032279,10.0622954673,-31.5183494636,,0.00214090008117,0.0262034205143,0.561191951002,0.827268028773,"[0.04884774034858243, -0.0102441274213378, 0.003154831247479117, -4.030241994901095e-06, 3.2941324474564263e-06, -7.182691022926358e-05, -0.0102441274213378, 0.061413790191022825, 0.0003657874164608378, 1.1745233803750578e-06, 1.4360333772447573e-06, 9.55861245100675e-05, 0.003154831247479117, 0.0003657874164608378, 0.23032140386378394, -2.762049313732112e-07, -1.4055097307223589e-06, 6.808188487638731e-06, -4.030241994901095e-06, 1.1745233803750578e-06, -2.762049313732112e-07, 4.066632887973705e-06, -2.2324371023870944e-07, 3.543862701686833e-06, 3.2941324474564263e-06, 1.4360333772447573e-06, -1.4055097307223589e-06, -2.2324371023870944e-07, 4.138491773589054e-06, -1.3860785455036897e-07, -7.182691022926358e-05, 9.55861245100675e-05, 6.808188487638731e-06, 3.543862701686833e-06, -1.3860785455036897e-07, 0.0001033755593424635]",,,,1.30407508289,0.0503488352858,-0.0743316688008,,0.00506873192561,-0.0166600084661,0.0331226530441,"[0.00020094927507361503, -1.944603936891117e-05, -2.4212814096507913e-05, 1.7861302738961736e-09, 9.045284687175275e-09, -3.7301532157971944e-09, -1.944603936891117e-05, 0.00034741775307417733, -6.670320129863017e-06, -1.9046529858417985e-09, 5.949389532865883e-09, -6.007613686684235e-08, -2.4212814096507913e-05, -6.670320129863017e-06, 0.00016646492857695191, -2.1089630136823924e-10, 1.7092948547641958e-09, 1.0660243996150469e-10, 1.7861302738961736e-09, -1.9046529858417985e-09, -2.1089630136823924e-10, 1.8946929195711937e-09, 1.8592037470082745e-12, 8.782887985147874e-12, 9.045284687175275e-09, 5.949389532865883e-09, 1.7092948547641958e-09, 1.8592037470082745e-12, 1.8757935840408385e-09, -1.7991281473757889e-12, -3.7301532157971944e-09, -6.007613686684235e-08, 1.0660243996150469e-10, 8.782887985147874e-12, -1.7991281473757889e-12, 1.8826818820941856e-09]"
1402416644855320220,,263464,,1402416644,851341009,/enu,/base_link,,,,4.50608057873,10.0746918085,-31.5197696742,,0.00213612613013,0.0261956254863,0.561333349294,0.827172350324,"[0.04884949955031139, -0.010243767371383581, 0.0031545273837741234, -4.0554263757483475e-06, 3.4894322539727436e-06, -7.18369866025639e-05, -0.010243767371383581, 0.06141594722230427, 0.0003619614661537089, 9.945532425492655e-07, 1.4609292957090415e-06, 9.542890147272069e-05, 0.0031545273837741234, 0.0003619614661537089, 0.23033545683465798, -2.669633077709849e-07, -1.413053805210412e-06, 6.813999642116166e-06, -4.0554263757483475e-06, 9.945532425492655e-07, -2.669633077709849e-07, 4.106857954163811e-06, -2.2327639588041475e-07, 3.5434110167930786e-06, 3.4894322539727436e-06, 1.4609292957090415e-06, -1.413053805210412e-06, -2.2327639588041475e-07, 4.178752205702053e-06, -1.3967763371039391e-07, -7.18369866025639e-05, 9.542890147272069e-05, 6.813999642116166e-06, 3.5434110167930786e-06, -1.3967763371039391e-07, 0.00010340126103171268]",,,,1.30714513434,0.0445165427205,-0.0764302469611,,-0.00222082023672,-0.000203290994797,0.035552496993,"[0.0002051502505982456, -1.9430735033132404e-05, -2.3636695536918878e-05, 1.805593405614612e-09, 9.249688652714333e-09, -3.895258315489615e-09, -1.9430735033132404e-05, 0.00035156999369563016, -6.7495218150555895e-06, -2.079717830798995e-09, 5.934627124662019e-09, -6.014767297931164e-08, -2.3636695536918878e-05, -6.7495218150555895e-06, 0.0001669389839246619, -2.053156656636321e-10, 1.742610834443115e-09, 1.0091095435629954e-10, 1.805593405614612e-09, -2.079717830798995e-09, -2.053156656636321e-10, 1.894692911503636e-09, 1.859199259111344e-12, 8.783017597688065e-12, 9.249688652714333e-09, 5.934627124662019e-09, 1.742610834443115e-09, 1.859199259111344e-12, 1.875793547989417e-09, -1.7988719356598775e-12, -3.895258315489615e-09, -6.014767297931164e-08, 1.0091095435629954e-10, 8.783017597688065e-12, -1.7988719356598775e-12, 1.882678783134227e-09]"
1402416644895081062,,263465,,1402416644,862278938,/enu,/base_link,,,,4.51079345157,10.0881965025,-31.5212771972,,0.00223610532074,0.0261333738206,0.561438248487,0.827102859227,"[0.04885147217094701, -0.010243276684786504, 0.0031540847355278757, -4.083120031073353e-06, 3.707261618796945e-06, -7.184739807078645e-05, -0.010243276684786504, 0.061418237246505726, 0.00035783681291217236, 7.936480975625026e-07, 1.4883860808050584e-06, 9.525873094626031e-05, 0.0031540847355278757, 0.00035783681291217236, 0.23035093064752032, -2.573963871625926e-07, -1.4212684320641853e-06, 6.8206337805824805e-06, -4.083120031073353e-06, 7.936480975625026e-07, -2.573963871625926e-07, 4.154651730137334e-06, -2.2330972203060389e-07, 3.5429599980339217e-06, 3.707261618796945e-06, 1.4883860808050584e-06, -1.4212684320641853e-06, -2.2330972203060389e-07, 4.226582089493441e-06, -1.4076244923580734e-07, -7.184739807078645e-05, 9.525873094626031e-05, 6.8206337805824805e-06, 3.5429599980339217e-06, -1.4076244923580734e-07, 0.0001034346060898786]",,,,1.30832140337,0.0420930830423,-0.0725795741085,,0.00838216502974,-0.0193107529519,0.0248390577448,"[0.00020985309279798227, -1.9439004931305352e-05, -2.300508734207657e-05, 1.826867549021238e-09, 9.473977898207378e-09, -4.068467485361223e-09, -1.9439004931305352e-05, 0.00035622361863249866, -6.859499444779421e-06, -2.2722045731246036e-09, 5.9196925241544786e-09, -6.022698902338155e-08, -2.300508734207657e-05, -6.859499444779421e-06, 0.00016751020846178446, -1.9925802022436032e-10, 1.7764372515145576e-09, 1.0253497980831908e-10, 1.826867549021238e-09, -2.2722045731246036e-09, -1.9925802022436032e-10, 1.8946929035398536e-09, 1.8591951001357057e-12, 8.783145373039653e-12, 9.473977898207378e-09, 5.9196925241544786e-09, 1.7764372515145576e-09, 1.8591951001357057e-12, 1.8757935117951134e-09, -1.7986165558924929e-12, -4.068467485361223e-09, -6.022698902338155e-08, 1.0253497980831908e-10, 8.783145373039653e-12, -1.7986165558924929e-12, 1.8826756824538443e-09]"
1402416644895343347,,263466,,1402416644,872277975,/enu,/base_link,,,,4.51535474324,10.1005490907,-31.5226178367,,0.00228911387395,0.026034151853,0.561547454639,0.827031703796,"[0.048853296647546784, -0.010242861896251993, 0.003153818082215438, -4.108718091668566e-06, 3.910569612324171e-06, -7.185902687739022e-05, -0.010242861896251993, 0.061420564200349186, 0.0003538766587717396, 6.060141364899662e-07, 1.5136248883221479e-06, 9.510123788464073e-05, 0.003153818082215438, 0.0003538766587717396, 0.23036498976993605, -2.481307406126095e-07, -1.4290524132522249e-06, 6.826243206983513e-06, -4.108718091668566e-06, 6.060141364899662e-07, -2.481307406126095e-07, 4.1945774859273156e-06, -2.2334305192554593e-07, 3.5425087383931886e-06, 3.910569612324171e-06, 1.5136248883221479e-06, -1.4290524132522249e-06, -2.2334305192554593e-07, 4.266544139204831e-06, -1.4185442865924734e-07, -7.185902687739022e-05, 9.510123788464073e-05, 6.826243206983513e-06, 3.5425087383931886e-06, -1.4185442865924734e-07, 0.00010345999196719243]",,,,1.31106717849,0.0405078670777,-0.0683162400553,,-0.00277305882039,-0.0219614983061,0.0279315883349,"[0.00021420292320151063, -1.9443175181089937e-05, -2.2423742935337672e-05, 1.846168425105556e-09, 9.681123242299186e-09, -4.228670663178879e-09, -1.9443175181089937e-05, 0.0003605185472361798, -6.940847027069575e-06, -2.45017915072052e-09, 5.905405730683186e-09, -6.029841748144975e-08, -2.2423742935337672e-05, -6.940847027069575e-06, 0.00016799237159957498, -1.938868148486243e-10, 1.807825558418089e-09, 9.746892127460643e-11, 1.846168425105556e-09, -2.45017915072052e-09, -1.938868148486243e-10, 1.894692895705488e-09, 1.8591913596331288e-12, 8.783271005585536e-12, 9.681123242299186e-09, 5.905405730683186e-09, 1.807825558418089e-09, 1.8591913596331288e-12, 1.8757934754911034e-09, -1.7983620895906009e-12, -4.228670663178879e-09, -6.029841748144975e-08, 9.746892127460643e-11, 8.783271005585536e-12, -1.7983620895906009e-12, 1.8826725800284645e-09]"
1402416644895402980,,263467,,1402416644,883277893,/enu,/base_link,,,,4.52025159641,10.1140247298,-31.5237015455,,0.00225801043365,0.0260514055763,0.561669224758,0.826948551976,"[0.048855400047258406, -0.010242372571547972, 0.003153300635197736, -4.137336937166355e-06, 4.139691446461894e-06, -7.18767799067042e-05, -0.010242372571547972, 0.061423032263636, 0.00034963900135125884, 3.944397584590419e-07, 1.54176203442888e-06, 9.493134162138854e-05, 0.003153300635197736, 0.00034963900135125884, 0.2303806556098612, -2.3826242505285798e-07, -1.4377369348702865e-06, 6.833048037358172e-06, -4.137336937166355e-06, 3.944397584590419e-07, -2.3826242505285798e-07, 4.242912469963383e-06, -2.2337705750619578e-07, 3.542058167318868e-06, 4.139691446461894e-06, 1.54176203442888e-06, -1.4377369348702865e-06, -2.2337705750619578e-07, 4.314916204798173e-06, -1.429618977750751e-07, -7.18767799067042e-05, 9.493134162138854e-05, 6.833048037358172e-06, 3.542058167318868e-06, -1.429618977750751e-07, 0.00010349387065569467]",,,,1.31591313143,0.034539852978,-0.0659104854778,,-0.00332529752704,0.00620268193204,0.0280420294446,"[0.00021913831198068747, -1.9448987658299696e-05, -2.1760543014730693e-05, 1.867343106836366e-09, 9.91058281150255e-09, -4.405307362861743e-09, -1.9448987658299696e-05, 0.00036538577217219904, -7.038285152849173e-06, -2.6480074882965837e-09, 5.889607999527032e-09, -6.037802620240185e-08, -2.1760543014730693e-05, -7.038285152849173e-06, 0.00016855681283819353, -1.8724536001798522e-10, 1.8454217126855291e-09, 9.02708404620606e-11, 1.867343106836366e-09, -2.6480074882965837e-09, -1.8724536001798522e-10, 1.8946928879540255e-09, 1.8591878872562017e-12, 8.783394757290874e-12, 9.91058281150255e-09, 5.889607999527032e-09, 1.8454217126855291e-09, 1.8591878872562017e-12, 1.8757934390021557e-09, -1.7981084446793988e-12, -4.405307362861743e-09, -6.037802620240185e-08, 9.02708404620606e-11, 8.783394757290874e-12, -1.7981084446793988e-12, 1.882669475905873e-09]"
1402416644934872577,,263468,,1402416644,893280029,/enu,/base_link,,,,4.60836343215,10.16134577,-31.5245043641,,0.00330109124402,0.0344236581477,0.559486048459,0.828118032732,"[0.04878165408671409, -0.010241550378059523, 0.0031453338556789332, -3.972615553171645e-06, 3.3118937258584793e-06, -7.189467614925198e-05, -0.010241550378059523, 0.061334064693966975, 0.0003617123977904366, 1.002988554156348e-06, 1.5057463380853087e-06, 9.522130478077355e-05, 0.0031453338556789332, 0.0003617123977904366, 0.23031256507440628, -2.5029399393948837e-07, -1.505373945373568e-06, 6.821013264737679e-06, -3.972615553171645e-06, 1.002988554156348e-06, -2.5029399393948837e-07, 4.057486546056836e-06, -2.2372595832083187e-07, 3.404529734141797e-06, 3.3118937258584793e-06, 1.5057463380853087e-06, -1.505373945373568e-06, -2.2372595832083187e-07, 4.141015858241761e-06, -1.4022807849255868e-07, -7.189467614925198e-05, 9.522130478077355e-05, 6.821013264737679e-06, 3.404529734141797e-06, -1.4022807849255868e-07, 0.00010343554672821942]",,,,1.44906664903,-0.0727680369591,-0.0476099478988,,-0.00652284029925,-0.0214032407641,0.0217444766616,"[0.0002067325153677798, -2.248745659915308e-06, -2.1015038213081426e-05, 2.315423859093567e-09, 9.631112657124929e-09, -8.839051463853622e-09, -2.248745659915308e-06, 0.000386370643542098, -1.110592447266217e-05, -1.2400167317946545e-09, 6.578756347181281e-09, -6.628373019574492e-08, -2.1015038213081426e-05, -1.110592447266217e-05, 0.00016844657246687403, 4.804771296128431e-11, 2.025911732482273e-09, 6.679921795150391e-10, 2.315423859093567e-09, -1.2400167317946545e-09, 4.804771296128431e-11, 1.8946490048990355e-09, 1.8570025324837907e-12, 8.77443434545483e-12, 9.631112657124929e-09, 6.578756347181281e-09, 2.025911732482273e-09, 1.8570025324837907e-12, 1.8757427442230066e-09, -1.7712295805003689e-12, -8.839051463853622e-09, -6.628373019574492e-08, 6.679921795150391e-10, 8.77443434545483e-12, -1.7712295805003689e-12, 1.8826499125058073e-09]"
1402416644974842192,,263469,,1402416644,903279066,/enu,/base_link,,,,4.61425313328,10.1742735372,-31.5254133496,,0.00329342657124,0.0344381037512,0.559558525178,0.828068491885,"[0.04878354174873595, -0.010241080150889105, 0.003144873372830412, -3.998250007243772e-06, 3.5072268542785937e-06, -7.191208282053581e-05, -0.010241080150889105, 0.06133634230684024, 0.000357796185333927, 8.238968900951379e-07, 1.5309435684371216e-06, 9.508184452395704e-05, 0.003144873372830412, 0.000357796185333927, 0.23032660506705768, -2.4081132250439137e-07, -1.5138064998219461e-06, 6.826983323633129e-06, -3.998250007243772e-06, 8.238968900951379e-07, -2.4081132250439137e-07, 4.097417127280654e-06, -2.2375708061586665e-07, 3.4041069343740863e-06, 3.5072268542785937e-06, 1.5309435684371216e-06, -1.5138064998219461e-06, -2.2375708061586665e-07, 4.180979935848702e-06, -1.4129552168571452e-07, -7.191208282053581e-05, 9.508184452395704e-05, 6.826983323633129e-06, 3.4041069343740863e-06, -1.4129552168571452e-07, 0.00010346092950508735]",,,,1.45445479469,-0.0790073235665,-0.0466484245913,,-6.42215383966e-06,0.0036684021198,0.0192041706572,"[0.00021099631213846332, -2.2027141236219303e-06, -2.0333440465734405e-05, 2.3352185575452802e-09, 9.832270370710225e-09, -8.990982814231099e-09, -2.2027141236219303e-06, 0.00039051957498921236, -1.1277821275243695e-05, -1.4137478053137852e-09, 6.565938070594539e-09, -6.635489581710103e-08, -2.0333440465734405e-05, -1.1277821275243695e-05, 0.00016895971597877154, 5.82853641411526e-11, 2.0646440354328734e-09, 6.622070234513355e-10, 2.3352185575452802e-09, -1.4137478053137852e-09, 5.82853641411526e-11, 1.8946489966865684e-09, 1.8569981613076906e-12, 8.774565651065244e-12, 9.832270370710225e-09, 6.565938070594539e-09, 2.0646440354328734e-09, 1.8569981613076906e-12, 1.8757427091185037e-09, -1.7709782708063934e-12, -8.990982814231099e-09, -6.635489581710103e-08, 6.622070234513355e-10, 8.774565651065244e-12, -1.7709782708063934e-12, 1.882646810021889e-09]"
1402416644974872691,,263470,,1402416644,914278984,/enu,/base_link,,,,4.62129836088,10.1889420572,-31.5272347505,,0.00335293435322,0.0343662134689,0.559671004493,0.827995222168,"[0.04878549568018245, -0.010240654988083015, 0.0031445238141936346, -4.026718362635548e-06, 3.7271099051630133e-06, -7.193145852767367e-05, -0.010240654988083015, 0.06133883143909906, 0.0003534876144894482, 6.221422784267747e-07, 1.5589904419821438e-06, 9.493155340601756e-05, 0.0031445238141936346, 0.0003534876144894482, 0.2303424269882989, -2.3089391799706442e-07, -1.5231126333275397e-06, 6.833465657366071e-06, -4.026718362635548e-06, 6.221422784267747e-07, -2.3089391799706442e-07, 4.145756938572938e-06, -2.237888465653144e-07, 3.403685371852646e-06, 3.7271099051630133e-06, 1.5589904419821438e-06, -1.5231126333275397e-06, -2.237888465653144e-07, 4.229353976256814e-06, -1.423781120647051e-07, -7.193145852767367e-05, 9.493155340601756e-05, 6.833465657366071e-06, 3.403685371852646e-06, -1.423781120647051e-07, 0.00010349480497689269]",,,,1.45648175125,-0.0822398900735,-0.0471447195441,,0.00109805566355,-0.0163226418206,0.0264937148611,"[0.00021581173540538985, -2.143410973689404e-06, -1.9582812508109608e-05, 2.356825027589913e-09, 1.0056468736050322e-08, -9.163495243781376e-09, -2.143410973689404e-06, 0.0003952266227541454, -1.1472461848889436e-05, -1.6070029198994849e-09, 6.5510744416171895e-09, -6.643367196521294e-08, -1.9582812508109608e-05, -1.1472461848889436e-05, 0.00016958396297665, 6.917894964924447e-11, 2.1052116946731985e-09, 6.586876346037297e-10, 2.356825027589913e-09, -1.6070029198994849e-09, 6.917894964924447e-11, 1.8946489885693594e-09, 1.856994142931999e-12, 8.774695044695414e-12, 1.0056468736050322e-08, 6.5510744416171895e-09, 2.1052116946731985e-09, 1.856994142931999e-12, 1.8757426737986897e-09, -1.770727824436482e-12, -9.163495243781376e-09, -6.643367196521294e-08, 6.586876346037297e-10, 8.774695044695414e-12, -1.770727824436482e-12, 1.882643705892318e-09]"
1402416644974903206,,263471,,1402416644,924288988,/enu,/base_link,,,,4.62742292279,10.2020153305,-31.5282521734,,0.00340357214574,0.0343797066114,0.559733291391,0.827952350065,"[0.048787377482915964, -0.010240202188747, 0.003144160828556484, -4.052962475114739e-06, 3.9313119306439126e-06, -7.195238612916878e-05, -0.010240202188747, 0.06134108098619466, 0.0003496480451746871, 4.347294300528014e-07, 1.584636804832656e-06, 9.479562851212917e-05, 0.003144160828556484, 0.0003496480451746871, 0.23035656181163147, -2.212434474403719e-07, -1.5319750505951061e-06, 6.839556071895731e-06, -4.052962475114739e-06, 4.347294300528014e-07, -2.212434474403719e-07, 4.18577230461289e-06, -2.238206016661199e-07, 3.403263105085618e-06, 3.9313119306439126e-06, 1.584636804832656e-06, -1.5319750505951061e-06, -2.238206016661199e-07, 4.2694037825392115e-06, -1.4346802954761342e-07, -7.195238612916878e-05, 9.479562851212917e-05, 6.839556071895731e-06, 3.403263105085618e-06, -1.4346802954761342e-07, 0.00010352026024257627]",,,,1.46119639145,-0.0882789271408,-0.0429343754659,,0.009602533501,-0.00306890948095,0.0171056478237,"[0.00022025043412714188, -2.1100132871460595e-06, -1.888201866997728e-05, 2.3765451103983317e-09, 1.0261576427478057e-08, -9.314560957147592e-09, -2.1100132871460595e-06, 0.0003995413076914872, -1.167558479200787e-05, -1.784678549382663e-09, 6.538446743418567e-09, -6.650508907772764e-08, -1.888201866997728e-05, -1.167558479200787e-05, 0.00017010602384358035, 7.975687087882511e-11, 2.1430095654040257e-09, 6.598888090040142e-10, 2.3765451103983317e-09, -1.784678549382663e-09, 7.975687087882511e-11, 1.894648980556695e-09, 1.8569904481723376e-12, 8.77482242229441e-12, 1.0261576427478057e-08, 6.538446743418567e-09, 2.1430095654040257e-09, 1.8569904481723376e-12, 1.875742638384104e-09, -1.7704782716606405e-12, -9.314560957147592e-09, -6.650508907772764e-08, 6.598888090040142e-10, 8.77482242229441e-12, -1.7704782716606405e-12, 1.8826405998752117e-09]"
1402416644974928402,,263472,,1402416644,935277938,/enu,/base_link,,,,4.68771358762,10.2339860769,-31.5128325236,,0.00422200773387,0.0389428696872,0.558534212148,0.828556070167,"[0.04871409922584794, -0.010239183764517578, 0.0031361709937874445, -3.89055152969192e-06, 3.1394787815394873e-06, -7.187506662915183e-05, -0.010239183764517578, 0.06125272159135577, 0.00036131252714610327, 1.0120603446118798e-06, 1.550927960573084e-06, 9.501082978468931e-05, 0.0031361709937874445, 0.00036131252714610327, 0.23028981499088597, -2.326384973421777e-07, -1.5803823277566512e-06, 6.830688365384486e-06, -3.89055152969192e-06, 1.0120603446118798e-06, -2.326384973421777e-07, 4.020278487145641e-06, -2.2259963190149916e-07, 3.283070450357609e-06, 3.1394787815394873e-06, 1.550927960573084e-06, -1.5803823277566512e-06, -2.2259963190149916e-07, 4.1127892983127345e-06, -1.2756585497292284e-07, -7.187506662915183e-05, 9.501082978468931e-05, 6.830688365384486e-06, 3.283070450357609e-06, -1.2756585497292284e-07, 0.00010348534656417877]",,,,1.53423922447,-0.152225807702,-0.0302820580421,,-0.0152450046819,-0.0185283682999,0.0219641894066,"[0.00020800366582290216, 9.347025332283638e-06, -2.012054262310086e-05, 2.605463225801035e-09, 9.80527890545629e-09, -1.1832143547277792e-08, 9.347025332283638e-06, 0.00040592120620924554, -1.3703161286308503e-05, -7.198872942443626e-10, 6.884901338284092e-09, -6.966502394668281e-08, -2.012054262310086e-05, -1.3703161286308503e-05, 0.00016962517773976357, 1.8755540711622287e-10, 2.1563947150561067e-09, 1.0413099911331011e-09, 2.605463225801035e-09, -7.198872942443626e-10, 1.8755540711622287e-10, 1.894606515879248e-09, 1.854312152625132e-12, 8.769274214675244e-12, 9.80527890545629e-09, 6.884901338284092e-09, 2.1563947150561067e-09, 1.854312152625132e-12, 1.8756942429766347e-09, -1.7459213719857582e-12, -1.1832143547277792e-08, -6.966502394668281e-08, 1.0413099911331011e-09, 8.769274214675244e-12, -1.7459213719857582e-12, 1.8826240419315917e-09]"
1402416644974950472,,263473,,1402416644,945274114,/enu,/base_link,,,,4.69460992659,10.2474922424,-31.5139448708,,0.00417395950072,0.038801359109,0.558588985543,0.828526027245,"[0.04871583151720304, -0.010238831230641805, 0.0031358425256898794, -3.916282245201555e-06, 3.3315867310273717e-06, -7.189781976368569e-05, -0.010238831230641805, 0.061254898694967405, 0.0003574712727148117, 8.366975045843505e-07, 1.5761163787549085e-06, 9.488630043285261e-05, 0.0031358425256898794, 0.0003574712727148117, 0.23030387592442267, -2.229451656137164e-07, -1.5893877434439794e-06, 6.836798020694047e-06, -3.916282245201555e-06, 8.366975045843505e-07, -2.229451656137164e-07, 4.06018848927097e-06, -2.226293246618532e-07, 3.2826701968638536e-06, 3.3315867310273717e-06, 1.5761163787549085e-06, -1.5893877434439794e-06, -2.226293246618532e-07, 4.152730841675198e-06, -1.2862721020576018e-07, -7.189781976368569e-05, 9.488630043285261e-05, 6.836798020694047e-06, 3.2826701968638536e-06, -1.2862721020576018e-07, 0.0001035106829574182]",,,,1.53746821088,-0.15374808343,-0.0325256752193,,-0.0240808254161,-0.0177552330549,0.0140119425658,"[0.0002122279907696622, 9.412136236292324e-06, -1.9397587856627327e-05, 2.6251089691332425e-09, 1.0003855086005704e-08, -1.1976959225603479e-08, 9.412136236292324e-06, 0.0004100205790964756, -1.3866483809876436e-05, -8.918339103333042e-10, 6.872397847244361e-09, -6.973660827792111e-08, -1.9397587856627327e-05, -1.3866483809876436e-05, 0.00017016762349285756, 1.9972188770550865e-10, 2.197495211059551e-09, 1.020859114701693e-09, 2.6251089691332425e-09, -8.918339103333042e-10, 1.9972188770550865e-10, 1.89460650747976e-09, 1.8543076292034284e-12, 8.769408273343727e-12, 1.0003855086005704e-08, 6.872397847244361e-09, 2.197495211059551e-09, 1.8543076292034284e-12, 1.875694208727795e-09, -1.7456736551882233e-12, -1.1976959225603479e-08, -6.973660827792111e-08, 1.020859114701693e-09, 8.769408273343727e-12, -1.7456736551882233e-12, 1.882620935209556e-09]"
1402416645014871278,,263474,,1402416644,956276893,/enu,/base_link,,,,4.70258839717,10.2626591778,-31.5154787551,,0.00414937798436,0.038778857661,0.558668325716,0.828473707913,"[0.04871786717436339, -0.010238348132695111, 0.003135322123652321, -3.94499648174783e-06, 3.5483166755219603e-06, -7.192660715054112e-05, -0.010238348132695111, 0.061257440885699496, 0.00035315562840041234, 6.388281330118286e-07, 1.6041866872174295e-06, 9.47573027103503e-05, 0.003135322123652321, 0.00035315562840041234, 0.2303196426196464, -2.1263196275532902e-07, -1.5995579920463575e-06, 6.8438802072417175e-06, -3.94499648174783e-06, 6.388281330118286e-07, -2.1263196275532902e-07, 4.108555805773458e-06, -2.2265963900104235e-07, 3.2822713722147294e-06, 3.5483166755219603e-06, 1.6041866872174295e-06, -1.5995579920463575e-06, -2.2265963900104235e-07, 4.201130407943793e-06, -1.2970356565857102e-07, -7.192660715054112e-05, 9.47573027103503e-05, 6.8438802072417175e-06, 3.2822713722147294e-06, -1.2970356565857102e-07, 0.00010354456063215903]",,,,1.54401232642,-0.163447557127,-0.0237572428478,,-0.00640918328091,-0.000414933503006,0.0187611884022,"[0.00021701979355819777, 9.491415589548826e-06, -1.8585065993163593e-05, 2.6466024563317556e-09, 1.0224324349912596e-08, -1.2140675088160843e-08, 9.491415589548826e-06, 0.0004146704101896603, -1.409458103564421e-05, -1.0830557662838931e-09, 6.858500957983056e-09, -6.981587746906114e-08, -1.8585065993163593e-05, -1.409458103564421e-05, 0.0001708150228713554, 2.139385843671819e-10, 2.243446806100509e-09, 1.0096361225154196e-09, 2.6466024563317556e-09, -1.0830557662838931e-09, 2.139385843671819e-10, 1.894606499117521e-09, 1.854303470298059e-12, 8.769540465052726e-12, 1.0224324349912596e-08, 6.858500957983056e-09, 2.243446806100509e-09, 1.854303470298059e-12, 1.875694174335299e-09, -1.7454267984961492e-12, -1.2140675088160843e-08, -6.981587746906114e-08, 1.0096361225154196e-09, 8.769540465052726e-12, -1.7454267984961492e-12, 1.8826178268309233e-09]"
1402416645014897047,,263475,,1402416644,966267108,/enu,/base_link,,,,4.70978663499,10.2761833113,-31.516566051,,0.0040774224873,0.0386663115282,0.558728167679,0.828438969159,"[0.04871975676304062, -0.010237906015858772, 0.0031350103802328167, -3.971320607843352e-06, 3.7490323743352835e-06, -7.195398868373664e-05, -0.010237906015858772, 0.061259778539815554, 0.0003492406461023565, 4.555181385515458e-07, 1.6298002925786042e-06, 9.463989024845041e-05, 0.0031350103802328167, 0.0003492406461023565, 0.23033384129942178, -2.0274175745462177e-07, -1.6091370881831665e-06, 6.850023353697782e-06, -3.971320607843352e-06, 4.555181385515458e-07, -2.0274175745462177e-07, 4.148415120330343e-06, -2.2268993083676559e-07, 3.2818715405397946e-06, 3.7490323743352835e-06, 1.6298002925786042e-06, -1.6091370881831665e-06, -2.2268993083676559e-07, 4.241022196527548e-06, -1.30787257649388e-07, -7.195398868373664e-05, 9.463989024845041e-05, 6.850023353697782e-06, 3.2818715405397946e-06, -1.30787257649388e-07, 0.00010356983256462882]",,,,1.54574595692,-0.165176976214,-0.0281190424955,,-0.0248539593141,-0.0102447833864,0.0152268518138,"[0.0002214151844364793, 9.553261012116888e-06, -1.7837484403340904e-05, 2.6661226837636476e-09, 1.0426480720736587e-08, -1.2286714132722067e-08, 9.553261012116888e-06, 0.00041892859588204124, -1.4262200885752353e-05, -1.2587619635235917e-09, 6.845712878417031e-09, -6.988736365607815e-08, -1.7837484403340904e-05, -1.4262200885752353e-05, 0.00017135667528272948, 2.2654748380618445e-10, 2.2855928407770733e-09, 9.87748847556432e-10, 2.6661226837636476e-09, -1.2587619635235917e-09, 2.2654748380618445e-10, 1.894606490869186e-09, 1.854299663017094e-12, 8.769670606927552e-12, 1.0426480720736587e-08, 6.845712878417031e-09, 2.2855928407770733e-09, 1.854299663017094e-12, 1.8756941397666184e-09, -1.7451809028503737e-12, -1.2286714132722067e-08, -6.988736365607815e-08, 9.87748847556432e-10, 8.769670606927552e-12, -1.7451809028503737e-12, 1.8826147164900898e-09]"
1402416645014927062,,263476,,1402416644,976267099,/enu,/base_link,,,,4.71704395323,10.2898822354,-31.5178678703,,0.00406988919141,0.0385840940245,0.558797108127,0.828396339707,"[0.04872169695065075, -0.010237492618984132, 0.0031345495973379676, -3.997923362255878e-06, 3.954234148182626e-06, -7.198259483749174e-05, -0.010237492618984132, 0.061262167664879935, 0.00034531682915932646, 2.6810206722878604e-07, 1.6556613700587883e-06, 9.452674925203141e-05, 0.0031345495973379676, 0.00034531682915932646, 0.23034814895523517, -1.9279092777031317e-07, -1.6190656623724769e-06, 6.856356249669971e-06, -3.997923362255878e-06, 2.6810206722878604e-07, -1.9279092777031317e-07, 4.1883512704139645e-06, -2.22720497426597e-07, 3.2814719010972172e-06, 3.954234148182626e-06, 1.6556613700587883e-06, -1.6190656623724769e-06, -2.22720497426597e-07, 4.280991256720195e-06, -1.3188107395055352e-07, -7.198259483749174e-05, 9.452674925203141e-05, 6.856356249669971e-06, 3.2814719010972172e-06, -1.3188107395055352e-07, 0.00010359517674297159]",,,,1.55019176807,-0.172585994693,-0.0175384343619,,-0.0108270933289,-0.0123432899043,0.0180984853168,"[0.00022589759693828198, 9.614824219412278e-06, -1.7082484063475186e-05, 2.6855895081580893e-09, 1.0630691887537016e-08, -1.2435062920645479e-08, 9.614824219412278e-06, 0.00042326519318000165, -1.4467920563095769e-05, -1.4363321092101797e-09, 6.832829256728804e-09, -6.995849857814071e-08, -1.7082484063475186e-05, -1.4467920563095769e-05, 0.00017190551493504323, 2.39394138474338e-10, 2.326751411027767e-09, 9.75868607785473e-10, 2.6855895081580893e-09, -1.4363321092101797e-09, 2.39394138474338e-10, 1.8946064827740486e-09, 1.854296177164505e-12, 8.76979886687489e-12, 1.0630691887537016e-08, 6.832829256728804e-09, 2.326751411027767e-09, 1.854296177164505e-12, 1.8756941050306584e-09, -1.7449358698160986e-12, -1.2435062920645479e-08, -6.995849857814071e-08, 9.75868607785473e-10, 8.76979886687489e-12, -1.7449358698160986e-12, 1.8826116044934106e-09]"
1402416645023313177,,263477,,1402416644,987266063,/enu,/base_link,,,,4.74599488203,10.3019118879,-31.4360413556,,0.00340611173863,0.0398257123719,0.558296525815,0.828678043814,"[0.04864847905034993, -0.010236444945910155, 0.0031267771871245457, -3.846524605530637e-06, 3.1346642110251748e-06, -7.186353985497352e-05, -0.010236444945910155, 0.061173682930511515, 0.0003571046812982076, 8.872500932409913e-07, 1.6207759723569438e-06, 9.461315670898293e-05, 0.0031267771871245457, 0.0003571046812982076, 0.230281265011211, -2.010021005778156e-07, -1.6462008051565788e-06, 6.848902339739907e-06, -3.846524605530637e-06, 8.872500932409913e-07, -2.010021005778156e-07, 4.023512843388823e-06, -2.214182807906746e-07, 3.1943231815982905e-06, 3.1346642110251748e-06, 1.6207759723569438e-06, -1.6462008051565788e-06, -2.214182807906746e-07, 4.122738169089561e-06, -1.0391415143642873e-07, -7.186353985497352e-05, 9.461315670898293e-05, 6.848902339739907e-06, 3.1943231815982905e-06, -1.0391415143642873e-07, 0.00010358949983489875]",,,,1.57742055706,-0.180424841021,-0.00012453430232,,-0.0225342760773,-0.0141089544153,0.0159994245765,"[0.0002098261100462004, 1.171502374465822e-05, -1.9759692984093427e-05, 2.6448883765895126e-09, 9.853770261391897e-09, -1.242410686102607e-08, 1.171502374465822e-05, 0.0004160095097371304, -1.3947182498842355e-05, -5.574065573707601e-10, 6.94804158348209e-09, -7.113823828024206e-08, -1.9759692984093427e-05, -1.3947182498842355e-05, 0.0001706474204147289, 2.094567697760573e-10, 2.2308894227944455e-09, 1.0451524811922189e-09, 2.6448883765895126e-09, -5.574065573707601e-10, 2.094567697760573e-10, 1.8945627740110594e-09, 1.851693006226394e-12, 8.768221274290264e-12, 9.853770261391897e-09, 6.94804158348209e-09, 2.2308894227944455e-09, 1.851693006226394e-12, 1.8756465870490875e-09, -1.7260095452929911e-12, -1.242410686102607e-08, -7.113823828024206e-08, 1.0451524811922189e-09, 8.768221274290264e-12, -1.7260095452929911e-12, 1.8826009151658106e-09]"
1402416645023348701,,263478,,1402416644,997283935,/enu,/base_link,,,,4.75358381472,10.3159413087,-31.4372101811,,0.0034121018093,0.0397212592673,0.558361544705,0.828639224583,"[0.04865028627217847, -0.01023605531666734, 0.0031263141181774516, -3.8725941421018355e-06, 3.3283573389384907e-06, -7.189249243001248e-05, -0.01023605531666734, 0.06117608753749275, 0.000353064070747089, 7.113378497563982e-07, 1.6461911676281326e-06, 9.451433831555483e-05, 0.0031263141181774516, 0.000353064070747089, 0.23029564387627693, -1.909725885213423e-07, -1.6563988978054428e-06, 6.8552362321808874e-06, -3.8725941421018355e-06, 7.113378497563982e-07, -1.909725885213423e-07, 4.063597104613191e-06, -2.2144720888878143e-07, 3.193936853112043e-06, 3.3283573389384907e-06, 1.6461911676281326e-06, -1.6563988978054428e-06, -2.2144720888878143e-07, 4.162852727090778e-06, -1.0498182001149293e-07, -7.189249243001248e-05, 9.451433831555483e-05, 6.8552362321808874e-06, 3.193936853112043e-06, -1.0498182001149293e-07, 0.00010361496838526323]",,,,1.58221827285,-0.18751355604,0.00681982218366,,-0.0110477085826,-0.0175328341261,0.017103893879,"[0.00021406219495427177, 1.1782645076130403e-05, -1.901666845103047e-05, 2.66420083839695e-09, 1.005193612830362e-08, -1.2568632018994148e-08, 1.1782645076130403e-05, 0.00042011985694703, -1.4144651733136418e-05, -7.294149423106901e-10, 6.935528479819869e-09, -7.120986237331502e-08, -1.901666845103047e-05, -1.4144651733136418e-05, 0.00017120692767857724, 2.2234487585614246e-10, 2.2724854220004575e-09, 1.0334971722779855e-09, 2.66420083839695e-09, -7.294149423106901e-10, 2.2234487585614246e-10, 1.894562765469525e-09, 1.8516887050652904e-12, 8.768355750454062e-12, 1.005193612830362e-08, 6.935528479819869e-09, 2.2724854220004575e-09, 1.8516887050652904e-12, 1.875646553402769e-09, -1.7257650858307352e-12, -1.2568632018994148e-08, -7.120986237331502e-08, 1.0334971722779855e-09, 8.768355750454062e-12, -1.7257650858307352e-12, 1.882597799618899e-09]"
1402416645023369873,,263479,,1402416645,7994890,/enu,/base_link,,,,4.76170290582,10.3307011855,-31.4380498415,,0.00342309401879,0.0396103107893,0.558417495972,0.828606786057,"[0.04865237008609636, -0.010235529644832672, 0.003125812998365446, -3.900804174129632e-06, 3.5403016502472418e-06, -7.192621197457041e-05, -0.010235529644832672, 0.061178516591748715, 0.00034899391650967303, 5.187208794194346e-07, 1.6736647135181199e-06, 9.441240213212452e-05, 0.003125812998365446, 0.00034899391650967303, 0.23031083776944092, -1.8051822719417114e-07, -1.6674468411232627e-06, 6.862405530979612e-06, -3.900804174129632e-06, 5.187208794194346e-07, -1.8051822719417114e-07, 4.1094292281540555e-06, -2.2147663783038655e-07, 3.193551549826697e-06, 3.5403016502472418e-06, 1.6736647135181199e-06, -1.6674468411232627e-06, -2.2147663783038655e-07, 4.20871576206804e-06, -1.0606297710462747e-07, -7.192621197457041e-05, 9.441240213212452e-05, 6.862405530979612e-06, 3.193551549826697e-06, -1.0606297710462747e-07, 0.00010364624090775492]",,,,1.5849415845,-0.191705043868,0.00272573748837,,-0.0101641262262,-0.0179746241773,0.0141217952742,"[0.00021870732197454043, 1.1845680948130933e-05, -1.821098780399046e-05, 2.684822373032251e-09, 1.0265656038481018e-08, -1.27211263304412e-08, 1.1845680948130933e-05, 0.0004246377508546855, -1.4363597683936304e-05, -9.152685923092625e-10, 6.922484366538068e-09, -7.128776793014813e-08, -1.821098780399046e-05, -1.4363597683936304e-05, 0.00017184115637941535, 2.3625722465245217e-10, 2.3169438025105135e-09, 1.0218394655092854e-09, 2.684822373032251e-09, -9.152685923092625e-10, 2.3625722465245217e-10, 1.8945627571293615e-09, 1.8516847019444637e-12, 8.768488373574475e-12, 1.0265656038481018e-08, 6.922484366538068e-09, 2.3169438025105135e-09, 1.8516847019444637e-12, 1.87564651949572e-09, -1.7255214935418728e-12, -1.27211263304412e-08, -7.128776793014813e-08, 1.0218394655092854e-09, 8.768488373574475e-12, -1.7255214935418728e-12, 1.8825946824003578e-09]"
1402416645023382419,,263480,,1402416645,18263101,/enu,/base_link,,,,4.7696131935,10.3451638871,-31.4393149465,,0.00335114027156,0.0395113472558,0.558452134597,0.828588460371,"[0.04865431817480623, -0.010235115365171877, 0.003125392232494165, -3.928148129793847e-06, 3.7475784703902395e-06, -7.196097908614816e-05, -0.010235115365171877, 0.06118101452078121, 0.00034493763893135966, 3.3019637321134447e-07, 1.7001649476213377e-06, 9.431523744140224e-05, 0.003125392232494165, 0.00034493763893135966, 0.23032551660715025, -1.7015687544745882e-07, -1.6782711731973837e-06, 6.869094416165631e-06, -3.928148129793847e-06, 3.3019637321134447e-07, -1.7015687544745882e-07, 4.151542830866371e-06, -2.2150622074732185e-07, 3.193165958609652e-06, 3.7475784703902395e-06, 1.7001649476213377e-06, -1.6782711731973837e-06, -2.2150622074732185e-07, 4.250860635476431e-06, -1.0715370304449329e-07, -7.196097908614816e-05, 9.431523744140224e-05, 6.869094416165631e-06, 3.193165958609652e-06, -1.0715370304449329e-07, 0.00010367374845342671]",,,,1.58856034184,-0.195392088275,-0.000732662614287,,-0.0225342753455,-0.00792387691926,0.00893074223352,"[0.00022323445607154001, 1.1895112416851326e-05, -1.7419402875282086e-05, 2.704578524385391e-09, 1.0472061516212526e-08, -1.2863900359385116e-08, 1.1895112416851326e-05, 0.0004290338917545518, -1.454514188593765e-05, -1.0954829317816642e-09, 6.9101390788215236e-09, -7.136276279322924e-08, -1.7419402875282086e-05, -1.454514188593765e-05, 0.0001724221579252497, 2.499273744070549e-10, 2.3615985570214856e-09, 1.0003093703949166e-09, 2.704578524385391e-09, -1.0954829317816642e-09, 2.499273744070549e-10, 1.894562748797871e-09, 1.851681057844395e-12, 8.768618998727559e-12, 1.0472061516212526e-08, 6.9101390788215236e-09, 2.3615985570214856e-09, 1.851681057844395e-12, 1.8756464854947067e-09, -1.7252788546808116e-12, -1.2863900359385116e-08, -7.136276279322924e-08, 1.0003093703949166e-09, 8.768618998727559e-12, -1.7252788546808116e-12, 1.882591563290362e-09]"
