rosbagTimestamp,header,seq,stamp,secs,nsecs,frame_id,child_frame_id,pose,pose,position,x,y,z,orientation,x,y,z,w,covariance,twist,twist,linear,x,y,z,angular,x,y,z,covariance
1402415859731212467,,187362,,1402415859,699018955,/enu,/base_link,,,,8.24834925889,22.069174607,-34.8527047496,,0.00504762334331,0.00301811327848,-0.874566479031,-0.48486996839,"[0.024637245035312436, -0.00510986632580975, -0.004083977471880264, -5.323446637242087e-07, 2.874934245983163e-06, -6.337343168411036e-05, -0.00510986632580975, 0.027890037451488263, 0.010235798934447416, -2.190293882035338e-06, 2.1247203648724684e-06, -4.822718846646665e-05, -0.004083977471880264, 0.010235798934447416, 0.2081486136719628, 2.830069966934473e-06, -6.331777105550201e-06, 6.475499920908453e-06, -5.323446637242087e-07, -2.190293882035338e-06, 2.830069966934473e-06, 4.202217779745048e-06, -8.744351824704511e-08, -9.184579059247934e-07, 2.874934245983163e-06, 2.1247203648724684e-06, -6.331777105550201e-06, -8.744351824704511e-08, 4.416769790925301e-06, -1.722052959926896e-07, -6.337343168411036e-05, -4.822718846646665e-05, 6.475499920908453e-06, -9.184579059247934e-07, -1.722052959926896e-07, 9.699261738588575e-05]",,,,0.0749716787866,0.227604766817,-0.559942336969,,-0.0211810459713,-0.0655866361339,-0.0445491239468,"[0.00023492020588921682, 4.516334485693524e-06, -3.1930639451433645e-05, 9.813383127739478e-11, 1.622293712927312e-08, 1.81795804339411e-08, 4.516334485693524e-06, 0.00027351729834189197, 3.202302565662268e-05, -1.912810607163558e-08, 1.1944688144000274e-09, -6.491388046464635e-10, -3.1930639451433645e-05, 3.202302565662268e-05, 0.00015429713501608584, -2.2698220379302273e-09, -1.5298600357276615e-09, 3.070509267490527e-10, 9.813383127739478e-11, -1.912810607163558e-08, -2.2698220379302273e-09, 2.9279105289001237e-09, 8.343884745678647e-12, 1.6093596110900193e-11, 1.622293712927312e-08, 1.1944688144000274e-09, -1.5298600357276615e-09, 8.343884745678647e-12, 2.8900392761326144e-09, 1.2693245334750234e-12, 1.81795804339411e-08, -6.491388046464635e-10, 3.070509267490527e-10, 1.6093596110900193e-11, 1.2693245334750234e-12, 2.9275658096829253e-09]"
1402415859731701646,,187363,,1402415859,708981037,/enu,/base_link,,,,8.24604027668,22.0686873066,-34.8583186274,,0.004763434903,0.00322736857292,-0.874450809464,-0.485080071336,"[0.024639743333546047, -0.005109739167328644, -0.00408375097293917, -5.442951002093955e-07, 3.1064916306662877e-06, -6.341964747424961e-05, -0.005109739167328644, 0.027892567654680386, 0.01023299528123642, -2.3967265237999303e-06, 2.13957339032739e-06, -4.821173299626598e-05, -0.00408375097293917, 0.01023299528123642, 0.2081615923232663, 2.8442672240990225e-06, -6.338811819728046e-06, 6.480850326548673e-06, -5.442951002093955e-07, -2.3967265237999303e-06, 2.8442672240990225e-06, 4.24187664894424e-06, -8.743443627299756e-08, -9.182656447702035e-07, 3.1064916306662877e-06, 2.13957339032739e-06, -6.338811819728046e-06, -8.743443627299756e-08, 4.456456268121961e-06, -1.7322657769093477e-07, -6.341964747424961e-05, -4.821173299626598e-05, 6.480850326548673e-06, -9.182656447702035e-07, -1.7322657769093477e-07, 9.701989018060437e-05]",,,,0.0899317213943,0.225669251496,-0.556296668305,,-0.00881089707624,-0.0701149940569,-0.0473103263136,"[0.00023960542955230678, 4.615301164813908e-06, -3.20187631846106e-05, 1.0446418785222144e-10, 1.6531203964172333e-08, 1.8249971452556193e-08, 4.615301164813908e-06, 0.00027891104253069095, 3.230090272340744e-05, -1.9458827588134928e-08, 1.2116096259884688e-09, -6.753032262277451e-10, -3.20187631846106e-05, 3.230090272340744e-05, 0.00015471206943752302, -2.281140374614314e-09, -1.5364666965924207e-09, 2.9457969071708855e-10, 1.0446418785222144e-10, -1.9458827588134928e-08, -2.281140374614314e-09, 2.9279104916040926e-09, 8.343873436106434e-12, 1.6093167945425382e-11, 1.6531203964172333e-08, 1.2116096259884688e-09, -1.5364666965924207e-09, 8.343873436106434e-12, 2.8900392338407106e-09, 1.2694694417073543e-12, 1.8249971452556193e-08, -6.753032262277451e-10, 2.9457969071708855e-10, 1.6093167945425382e-11, 1.2694694417073543e-12, 2.927558990362215e-09]"
1402415859731722160,,187364,,1402415859,718996047,/enu,/base_link,,,,8.24375376071,22.0683129691,-34.8638541803,,0.00441621566852,0.00341256589319,-0.87432437623,-0.485309938661,"[0.02464233160061619, -0.005109575800164946, -0.004083492790157481, -5.562531128665974e-07, 3.3439124676206226e-06, -6.348024322870414e-05, -0.005109575800164946, 0.027895103327015905, 0.01023027902921418, -2.6085713617361297e-06, 2.1545919840354257e-06, -4.8202642918694e-05, -0.004083492790157481, 0.01023027902921418, 0.20817441271763504, 2.859101878662835e-06, -6.345536663062206e-06, 6.48596845701245e-06, -5.562531128665974e-07, -2.6085713617361297e-06, 2.859101878662835e-06, 4.281957505464397e-06, -8.742529329632882e-08, -9.180724001198378e-07, 3.3439124676206226e-06, 2.1545919840354257e-06, -6.345536663062206e-06, -8.742529329632882e-08, 4.4965652380269794e-06, -1.7425774216614815e-07, -6.348024322870414e-05, -4.8202642918694e-05, 6.48596845701245e-06, -9.180724001198378e-07, -1.7425774216614815e-07, 9.70475862349232e-05]",,,,0.106543364855,0.224957343494,-0.547868716749,,0.00157119199956,-0.0783985758946,-0.0513969030574,"[0.0002443958997197414, 4.7131924370448475e-06, -3.212183804616369e-05, 1.1177903790103911e-10, 1.6843415424608336e-08, 1.8320904489972864e-08, 4.7131924370448475e-06, 0.00028443197661517477, 3.2567486161357375e-05, -1.9794106171483927e-08, 1.2296384699897867e-09, -7.011429352493177e-10, -3.212183804616369e-05, 3.2567486161357375e-05, 0.00015513013871483613, -2.290589707937046e-09, -1.5445118912744544e-09, 2.804576128167904e-10, 1.1177903790103911e-10, -1.9794106171483927e-08, -2.290589707937046e-09, 2.9279104535499906e-09, 8.34386195054785e-12, 1.609273540592074e-11, 1.6843415424608336e-08, 1.2296384699897867e-09, -1.5445118912744544e-09, 8.34386195054785e-12, 2.890039190411845e-09, 1.2696162930506463e-12, 1.8320904489972864e-08, -7.011429352493177e-10, 2.804576128167904e-10, 1.609273540592074e-11, 1.2696162930506463e-12, 2.9275521675997037e-09]"
1402415859731736721,,187365,,1402415859,729976892,/enu,/base_link,,,,8.24106177006,22.0681774437,-34.8699602941,,0.00382689684697,0.00343438319129,-0.874205080236,-0.485529646429,"[0.024645270492906934, -0.005109432553204023, -0.004083199827822424, -5.692762677052416e-07, 3.610008776645767e-06, -6.356575776916905e-05, -0.005109432553204023, 0.027897984947624965, 0.010227245990415669, -2.846335047127995e-06, 2.171133111787481e-06, -4.8194682325759444e-05, -0.004083199827822424, 0.010227245990415669, 0.2081885394938648, 2.8757046747352213e-06, -6.35310630351038e-06, 6.491298044794996e-06, -5.692762677052416e-07, -2.846335047127995e-06, 2.8757046747352213e-06, 4.3301545932445244e-06, -8.741620021579304e-08, -9.178849517983055e-07, 3.610008776645767e-06, 2.171133111787481e-06, -6.35310630351038e-06, -8.741620021579304e-08, 4.544791197379346e-06, -1.7529988357242348e-07, -6.356575776916905e-05, -4.8194682325759444e-05, 6.491298044794996e-06, -9.178849517983055e-07, -1.7529988357242348e-07, 9.708351818525858e-05]",,,,0.121801794631,0.216687747036,-0.542443493363,,0.0488428336507,-0.0956284264512,-0.0447700459107,"[0.0002497741383741526, 4.813608913779032e-06, -3.2259521826450964e-05, 1.1828334859322067e-10, 1.718831898426137e-08, 1.8398755740567043e-08, 4.813608913779032e-06, 0.0002906624129704888, 3.27930699711769e-05, -2.0165840075947322e-08, 1.2474925695917914e-09, -7.314804925623218e-10, -3.2259521826450964e-05, 3.27930699711769e-05, 0.00015560546415882082, -2.2906007806418658e-09, -1.55717725794363e-09, 2.6152613092235633e-10, 1.1828334859322067e-10, -2.0165840075947322e-08, -2.2906007806418658e-09, 2.9279104147088994e-09, 8.343850453782642e-12, 1.6092298299775674e-11, 1.718831898426137e-08, 1.2474925695917914e-09, -1.55717725794363e-09, 8.343850453782642e-12, 2.8900391460406303e-09, 1.2697654852774113e-12, 1.8398755740567043e-08, -7.314804925623218e-10, 2.6152613092235633e-10, 1.6092298299775674e-11, 1.2697654852774113e-12, 2.9275453409070927e-09]"
1402415859741085818,,187366,,1402415859,739975929,/enu,/base_link,,,,8.24470044069,22.0860981078,-34.8691705587,,0.00377230724472,0.00198431495579,-0.873855835367,-0.486166443914,"[0.02463412003823854, -0.005110396260867695, -0.004083927828470397, -5.206803723850484e-07, 2.6867424286421588e-06, -6.325588240402289e-05, -0.005110396260867695, 0.027889542527290447, 0.010232763624292113, -2.0198314636865808e-06, 2.1191334602233753e-06, -4.7961638380663426e-05, -0.004083927828470397, 0.010232763624292113, 0.20814083522796487, 2.8633574072970237e-06, -6.371700859768118e-06, 6.495967540369677e-06, -5.206803723850484e-07, -2.0198314636865808e-06, 2.8633574072970237e-06, 4.173954269167567e-06, -9.10798587649445e-08, -9.560872660317674e-07, 2.6867424286421588e-06, 2.1191334602233753e-06, -6.371700859768118e-06, -9.10798587649445e-08, 4.388036442800127e-06, -1.0725814368797174e-07, -6.325588240402289e-05, -4.7961638380663426e-05, 6.495967540369677e-06, -9.560872660317674e-07, -1.0725814368797174e-07, 9.707876679887118e-05]",,,,0.16229488506,0.193999755885,-0.542896086201,,0.0181401915031,-0.125889356068,-0.0518392583297,"[0.00022973128613274353, 3.239088275239879e-06, -3.148705882951707e-05, 1.5292568826483532e-10, 1.5916638389208297e-08, 1.6655102867592196e-08, 3.239088275239879e-06, 0.00027185585815297304, 3.174823326699304e-05, -1.8883627988763095e-08, 1.1618168604517954e-09, -3.0852457050116794e-09, -3.148705882951707e-05, 3.174823326699304e-05, 0.00015406209060479087, -2.1499045178051905e-09, -1.4710383577214074e-09, 2.8982677836304715e-10, 1.5292568826483532e-10, -1.8883627988763095e-08, -2.1499045178051905e-09, 2.9278056429233804e-09, 8.345033866067712e-12, 1.6127755688528824e-11, 1.5916638389208297e-08, 1.1618168604517954e-09, -1.4710383577214074e-09, 8.345033866067712e-12, 2.8899347296478295e-09, 1.2649584391800565e-12, 1.6655102867592196e-08, -3.0852457050116794e-09, 2.8982677836304715e-10, 1.6127755688528824e-11, 1.2649584391800565e-12, 2.9275258125033913e-09]"
1402415859779019410,,187367,,1402415859,749974012,/enu,/base_link,,,,8.24233142518,22.0866212073,-34.874706773,,0.00319594219535,0.00219514445134,-0.873727000741,-0.486401167217,"[0.02463667498923274, -0.005110215985639106, -0.0040837018938469005, -5.325824100931346e-07, 2.9167806662893284e-06, -6.335136644966313e-05, -0.005110215985639106, 0.027892027617173545, 0.010230032181975046, -2.224338301683343e-06, 2.1344814613352116e-06, -4.7966413995630727e-05, -0.0040837018938469005, 0.010230032181975046, 0.2081536392476769, 2.879942618346121e-06, -6.378027550916386e-06, 6.50087216579813e-06, -5.325824100931346e-07, -2.224338301683343e-06, 2.879942618346121e-06, 4.213901421121997e-06, -9.107021070395601e-08, -9.558869380838504e-07, 2.9167806662893284e-06, 2.1344814613352116e-06, -6.378027550916386e-06, -9.107021070395601e-08, 4.42800973525242e-06, -1.082828937307352e-07, -6.335136644966313e-05, -4.7966413995630727e-05, 6.50087216579813e-06, -9.558869380838504e-07, -1.082828937307352e-07, 9.710627610073077e-05]",,,,0.179670775954,0.192463513357,-0.533311479479,,0.0194655640887,-0.121140102072,-0.0526124017974,"[0.00023432141160502492, 3.3317265268533447e-06, -3.160743207156517e-05, 1.5980601672403433e-10, 1.6221654112056225e-08, 1.672628410212219e-08, 3.3317265268533447e-06, 0.0002772321557037472, 3.196559298025685e-05, -1.9213063387650377e-08, 1.1794326652611743e-09, -3.1181247283608326e-09, -3.160743207156517e-05, 3.196559298025685e-05, 0.00015449227213078335, -2.1541210795817376e-09, -1.4835776081868311e-09, 2.703873486887279e-10, 1.5980601672403433e-10, -1.9213063387650377e-08, -2.1541210795817376e-09, 2.927805605468147e-09, 8.34502321395543e-12, 1.6127324163295347e-11, 1.6221654112056225e-08, 1.1794326652611743e-09, -1.4835776081868311e-09, 8.34502321395543e-12, 2.8899346879179936e-09, 1.2651012475741158e-12, 1.672628410212219e-08, -3.1181247283608326e-09, 2.703873486887279e-10, 1.6127324163295347e-11, 1.2651012475741158e-12, 2.9275189663833174e-09]"
1402415859779074687,,187368,,1402415859,759988069,/enu,/base_link,,,,8.23971534777,22.0870743993,-34.8798819068,,0.00260948833434,0.00247406495124,-0.87358971873,-0.486649846299,"[0.024639356477754917, -0.005109998004668827, -0.004083528287370554, -5.444598147544409e-07, 3.151607385320959e-06, -6.345997093133325e-05, -0.005109998004668827, 0.027894617613161206, 0.010227190576337284, -2.4332566890864143e-06, 2.149955113438998e-06, -4.797859662604814e-05, -0.004083528287370554, 0.010227190576337284, 0.2081667052928293, 2.8970739451215022e-06, -6.384003407891692e-06, 6.505641727757861e-06, -5.444598147544409e-07, -2.4332566890864143e-06, 2.8970739451215022e-06, 4.25397525382194e-06, -9.10604878154464e-08, -9.55685050266077e-07, 3.151607385320959e-06, 2.149955113438998e-06, -6.384003407891692e-06, -9.10604878154464e-08, 4.468110197864758e-06, -1.0931779432508467e-07, -6.345997093133325e-05, -4.797859662604814e-05, 6.505641727757861e-06, -9.55685050266077e-07, -1.0931779432508467e-07, 9.71339084874396e-05]",,,,0.193292829228,0.193377614546,-0.538253687726,,0.00853123514775,-0.129313236204,-0.0559258431393,"[0.00023899778415865778, 3.429977775668093e-06, -3.174480793537804e-05, 1.674857710183776e-10, 1.6529867291446597e-08, 1.6797714639746814e-08, 3.429977775668093e-06, 0.0002827006114356245, 3.219509356571412e-05, -1.9545753004449473e-08, 1.1981202435433825e-09, -3.1508121510485483e-09, -3.174480793537804e-05, 3.219509356571412e-05, 0.0001549363506083703, -2.1603437190839504e-09, -1.4976398605076223e-09, 2.4909036043210485e-10, 1.674857710183776e-10, -1.9545753004449473e-08, -2.1603437190839504e-09, 2.9278055673408728e-09, 8.345011735519473e-12, 1.6126888157046954e-11, 1.6529867291446597e-08, 1.1981202435433825e-09, -1.4976398605076223e-09, 8.345011735519473e-12, 2.889934645285516e-09, 1.2652458636953603e-12, 1.6797714639746814e-08, -3.1508121510485483e-09, 2.4909036043210485e-10, 1.6126888157046954e-11, 1.2652458636953603e-12, 2.9275121165269642e-09]"
1402415859818836195,,187369,,1402415859,770001888,/enu,/base_link,,,,8.23701996987,22.0879388613,-34.8856387233,,0.00191642322049,0.00282191988873,-0.873443547308,-0.486913476663,"[0.02464203583721423, -0.00510981474066833, -0.004083265063312149, -5.563309448673346e-07, 3.39063785055315e-06, -6.357936354972712e-05, -0.00510981474066833, 0.027897256631345235, 0.010224402735417824, -2.6460912932090126e-06, 2.1655278737190116e-06, -4.799715138483961e-05, -0.004083265063312149, 0.010224402735417824, 0.20817959388717977, 2.9146607486568153e-06, -6.389657742235899e-06, 6.510225942809321e-06, -5.563309448673346e-07, -2.6460912932090126e-06, 2.9146607486568153e-06, 4.294045866033811e-06, -9.105068564912224e-08, -9.554814543168859e-07, 3.39063785055315e-06, 2.1655278737190116e-06, -6.389657742235899e-06, -9.105068564912224e-08, 4.5082079326646895e-06, -1.1036300582217936e-07, -6.357936354972712e-05, -4.799715138483961e-05, 6.510225942809321e-06, -9.554814543168859e-07, -1.1036300582217936e-07, 9.716153193900196e-05]",,,,0.206409937338,0.194564764366,-0.538506608775,,0.00687451819442,-0.154605773452,-0.059460180202,"[0.00024374187498139586, 3.5361446036283164e-06, -3.191590481534244e-05, 1.7568155617843328e-10, 1.6840250508584347e-08, 1.686939026332568e-08, 3.5361446036283164e-06, 0.0002882584261233002, 3.24248897069521e-05, -1.988116106385649e-08, 1.2177702263490543e-09, -3.1831610333924218e-09, -3.191590481534244e-05, 3.24248897069521e-05, 0.00015539829028967053, -2.1669234638586486e-09, -1.5162003344559657e-09, 2.233084807132026e-10, 1.7568155617843328e-10, -1.988116106385649e-08, -2.1669234638586486e-09, 2.9278055284232666e-09, 8.345000462028489e-12, 1.6126447758286427e-11, 1.6840250508584347e-08, 1.2177702263490543e-09, -1.5162003344559657e-09, 8.345000462028489e-12, 2.889934600895514e-09, 1.2653924300089144e-12, 1.686939026332568e-08, -3.1831610333924218e-09, 2.233084807132026e-10, 1.6126447758286427e-11, 1.2653924300089144e-12, 2.9275052630358545e-09]"
1402415859858820889,,187370,,1402415859,780972957,/enu,/base_link,,,,8.23415816863,22.0887749862,-34.8913721075,,0.00117240635684,0.00314180216995,-0.873305103196,-0.487162140641,"[0.024645085082058014, -0.005109566006309397, -0.004083097507601288, -5.692475847348854e-07, 3.6582747028046048e-06, -6.372856749052019e-05, -0.005109566006309397, 0.02790013885194601, 0.01022141301690836, -2.884718766729194e-06, 2.182661693478116e-06, -4.8024243087261176e-05, -0.004083097507601288, 0.01022141301690836, 0.20819372164806027, 2.9342309541951234e-06, -6.3958064272765854e-06, 6.51498770055483e-06, -5.692475847348854e-07, -2.884718766729194e-06, 2.9342309541951234e-06, 4.34215635603901e-06, -9.1040928949162e-08, -9.55283192610963e-07, 3.6582747028046048e-06, 2.182661693478116e-06, -6.3958064272765854e-06, -9.1040928949162e-08, 4.556346292247646e-06, -1.1141963107861458e-07, -6.372856749052019e-05, -4.8024243087261176e-05, 6.51498770055483e-06, -9.55283192610963e-07, -1.1141963107861458e-07, 9.719731396891831e-05]",,,,0.224079283248,0.190560606305,-0.529736390994,,0.0152685475027,-0.146763982071,-0.0510661601315,"[0.0002490818131606027, 3.6514542271004757e-06, -3.210692947440993e-05, 1.834883700249127e-10, 1.7183402863373028e-08, 1.694773022236334e-08, 3.6514542271004757e-06, 0.00029449659554233023, 3.266765110077316e-05, -2.0251766254584464e-08, 1.2379915305047849e-09, -3.2209057650026634e-09, -3.210692947440993e-05, 3.266765110077316e-05, 0.00015593201875387216, -2.1721997910607323e-09, -1.5357492311429997e-09, 1.965184366217081e-10, 1.834883700249127e-10, -2.0251766254584464e-08, -2.1721997910607323e-09, 2.927805488759402e-09, 8.34498920667129e-12, 1.6126002795580467e-11, 1.7183402863373028e-08, 1.2379915305047849e-09, -1.5357492311429997e-09, 8.34498920667129e-12, 2.8899345572421536e-09, 1.2655413444139922e-12, 1.694773022236334e-08, -3.2209057650026634e-09, 1.965184366217081e-10, 1.6126002795580467e-11, 1.2655413444139922e-12, 2.9274984056773566e-09]"
1402415859858849288,,187371,,1402415859,790951967,/enu,/base_link,,,,8.25204890979,22.1016213818,-34.8595555637,,-6.81937032626e-05,0.00162756898278,-0.872555438982,-0.48851238702,"[0.024633460736989243, -0.005110855846305999, -0.004083598976242211, -4.984652014333701e-07, 2.686996391398926e-06, -6.310026836784122e-05, -0.005110855846305999, 0.027891462899090457, 0.010227020964949691, -2.0383168519106556e-06, 2.0920257728121898e-06, -4.760282424207289e-05, -0.004083598976242211, 0.010227020964949691, 0.2081458450031609, 2.8952590877635896e-06, -6.388496923988996e-06, 6.511449718693407e-06, -4.984652014333701e-07, -2.0383168519106556e-06, 2.8952590877635896e-06, 4.1890000573695195e-06, -9.415126991602793e-08, -1.0234757403687032e-06, 2.686996391398926e-06, 2.0920257728121898e-06, -6.388496923988996e-06, -9.415126991602793e-08, 4.40003927395095e-06, 8.220676797596689e-09, -6.310026836784122e-05, -4.760282424207289e-05, 6.511449718693407e-06, -1.0234757403687032e-06, 8.220676797596689e-09, 9.712469323571699e-05]",,,,0.245263190553,0.151547652428,-0.519451874297,,0.0390173866165,-0.163882789607,-0.0576946634418,"[0.0002282510054902194, 2.509759911780222e-06, -3.187971279769726e-05, 2.5602820160842565e-10, 1.5888042172885337e-08, 1.4380403203109456e-08, 2.509759911780222e-06, 0.00027504710252778346, 3.108473223075747e-05, -1.8947487028388237e-08, 1.1787125630780414e-09, -4.8236786092512045e-09, -3.187971279769726e-05, 3.108473223075747e-05, 0.00015439284992482406, -1.9704503605980676e-09, -1.5305014649777086e-09, 2.2175656631543888e-10, 2.5602820160842565e-10, -1.8947487028388237e-08, -1.9704503605980676e-09, 2.9277005131423422e-09, 8.346794069511476e-12, 1.6192556431889674e-11, 1.5888042172885337e-08, 1.1787125630780414e-09, -1.5305014649777086e-09, 8.346794069511476e-12, 2.8898318709087754e-09, 1.2590011753650385e-12, 1.4380403203109456e-08, -4.8236786092512045e-09, 2.2175656631543888e-10, 1.6192556431889674e-11, 1.2590011753650385e-12, 2.927448254253004e-09]"
1402415859858872177,,187372,,1402415859,800952911,/enu,/base_link,,,,8.24941278112,22.1031201898,-34.8650367154,,-0.000907520765204,0.00195423875027,-0.872391180901,-0.488803626054,"[0.024636098144633307, -0.005110616151693332, -0.004083425540182825, -5.101705612636143e-07, 2.9183651885387585e-06, -6.324633135672869e-05, -0.005110616151693332, 0.027894059786795627, 0.010224207793327993, -2.2438774737891613e-06, 2.107720327814901e-06, -4.763247274189802e-05, -0.004083425540182825, 0.010224207793327993, 0.20815873491932446, 2.914312487964012e-06, -6.393739203723864e-06, 6.515998197430549e-06, -5.101705612636143e-07, -2.2438774737891613e-06, 2.914312487964012e-06, 4.228969160973922e-06, -9.414052138353724e-08, -1.023258954686289e-06, 2.9183651885387585e-06, 2.107720327814901e-06, -6.393739203723864e-06, -9.414052138353724e-08, 4.440032681574064e-06, 7.173563632118934e-09, -6.324633135672869e-05, -4.763247274189802e-05, 6.515998197430549e-06, -1.023258954686289e-06, 7.173563632118934e-09, 9.715215530015076e-05]",,,,0.257827152471,0.151621298908,-0.520448259658,,0.0251009679603,-0.178351446177,-0.0656469125212,"[0.0002328016265217923, 2.5997494906080117e-06, -3.2065899538371205e-05, 2.659874483756973e-10, 1.619167663656465e-08, 1.4452083069956877e-08, 2.5997494906080117e-06, 0.0002804548947355214, 3.12532600147828e-05, -1.9277075421448885e-08, 1.1991253176157172e-09, -4.866388349000197e-09, -3.2065899538371205e-05, 3.12532600147828e-05, 0.0001548567381383284, -1.9712598287457687e-09, -1.5516533234168554e-09, 1.9710637596074654e-10, 2.659874483756973e-10, -1.9277075421448885e-08, -1.9712598287457687e-09, 2.9277004742176727e-09, 8.346783420437859e-12, 1.6192112487953774e-11, 1.619167663656465e-08, 1.1991253176157172e-09, -1.5516533234168554e-09, 8.346783420437859e-12, 2.8898318281338783e-09, 1.2591435298858387e-12, 1.4452083069956877e-08, -4.866388349000197e-09, 1.9710637596074654e-10, 1.6192112487953774e-11, 1.2591435298858387e-12, 2.927441374050319e-09]"
1402415859858892216,,187373,,1402415859,810947895,/enu,/base_link,,,,8.24676557207,22.1043102058,-34.8696529499,,-0.00177566980485,0.00222941745396,-0.87224360885,-0.489063353273,"[0.024638884784436262, -0.005110315325293475, -0.004083411240530809, -5.218001806129248e-07, 3.1539660318753585e-06, -6.340716761228742e-05, -0.005110315325293475, 0.027896695667786374, 0.010221310823616893, -2.453424981475912e-06, 2.123503752041929e-06, -4.766483320187739e-05, -0.004083411240530809, 0.010221310823616893, 0.20817188188928026, 2.933974029063959e-06, -6.398821029964206e-06, 6.520171206815062e-06, -5.218001806129248e-07, -2.453424981475912e-06, 2.933974029063959e-06, 4.268889250645795e-06, -9.412968178560783e-08, -1.0230401641607349e-06, 3.1539660318753585e-06, 2.123503752041929e-06, -6.398821029964206e-06, -9.412968178560783e-08, 4.479977550351758e-06, 6.116044904100228e-09, -6.340716761228742e-05, -4.766483320187739e-05, 6.520171206815062e-06, -1.0230401641607349e-06, 6.116044904100228e-09, 9.717956191440753e-05]",,,,0.271896353673,0.146972816436,-0.519514081468,,0.0369188779711,-0.178461893683,-0.0587991599153,"[0.0002374324339459598, 2.689893959175845e-06, -3.2264481242901115e-05, 2.750112824383236e-10, 1.6497938809726473e-08, 1.4523349920463478e-08, 2.689893959175845e-06, 0.0002859559055735082, 3.140624332723377e-05, -1.9609536691952808e-08, 1.2185427650072205e-09, -4.910266584139977e-09, -3.2264481242901115e-05, 3.140624332723377e-05, 0.00015531368451463307, -1.9695710083203055e-09, -1.573634114434918e-09, 1.7277260278815592e-10, 2.750112824383236e-10, -1.9609536691952808e-08, -1.9695710083203055e-09, 2.927700434765493e-09, 8.346772717711067e-12, 1.6191663806692433e-11, 1.6497938809726473e-08, 1.2185427650072205e-09, -1.573634114434918e-09, 8.346772717711067e-12, 2.8898317854419065e-09, 1.2592881443841894e-12, 1.4523349920463478e-08, -4.910266584139977e-09, 1.7277260278815592e-10, 1.6191663806692433e-11, 1.2592881443841894e-12, 2.9274344898147306e-09]"
1402415859898864664,,187374,,1402415859,821943998,/enu,/base_link,,,,8.24387983366,22.1063173887,-34.8756472453,,-0.00265109454407,0.00264201631294,-0.872079694724,-0.489349565748,"[0.02464193352462015, -0.005110034846920308, -0.004083137640223422, -5.34554350631917e-07, 3.4186855010521766e-06, -6.359799470928259e-05, -0.005110034846920308, 0.027899593615563996, 0.010218378894666941, -2.689184442697376e-06, 2.1409332281668066e-06, -4.770915518252884e-05, -0.004083137640223422, 0.010218378894666941, 0.2081857096822823, 2.9556863443617436e-06, -6.404300899893351e-06, 6.524757200472185e-06, -5.34554350631917e-07, -2.689184442697376e-06, 2.9556863443617436e-06, 4.317220178238717e-06, -9.411888857073433e-08, -1.022826476930982e-06, 3.4186855010521766e-06, 2.1409332281668066e-06, -6.404300899893351e-06, -9.411888857073433e-08, 4.528333985438682e-06, 5.046963384966966e-09, -6.359799470928259e-05, -4.770915518252884e-05, 6.524757200472185e-06, -1.022826476930982e-06, 5.046963384966966e-09, 9.721550386258842e-05]",,,,0.286114628011,0.149119689684,-0.517086328697,,0.0123994742544,-0.175590251611,-0.0590200643566,"[0.00024266638359471995, 2.7971035863819097e-06, -3.249598000396851e-05, 2.855050482521379e-10, 1.6837924315594703e-08, 1.4601835714512558e-08, 2.7971035863819097e-06, 0.0002921365938413646, 3.160759406824462e-05, -1.997786856142467e-08, 1.2408596897476262e-09, -4.959260839313125e-09, -3.249598000396851e-05, 3.160759406824462e-05, 0.00015587259361164962, -1.9727465615995984e-09, -1.5977955013960282e-09, 1.449617232996904e-10, 2.855050482521379e-10, -1.997786856142467e-08, -1.9727465615995984e-09, 2.927700394282739e-09, 8.346761610907336e-12, 1.619121063984628e-11, 1.6837924315594703e-08, 1.2408596897476262e-09, -1.5977955013960282e-09, 8.346761610907336e-12, 2.889831742136375e-09, 1.259434264788328e-12, 1.4601835714512558e-08, -4.959260839313125e-09, 1.449617232996904e-10, 1.619121063984628e-11, 1.259434264788328e-12, 2.927427602115857e-09]"
1402415859898895834,,187375,,1402415859,831929922,/enu,/base_link,,,,8.25430968669,22.1335808674,-34.8328467133,,-0.00250749161651,0.000391420016885,-0.8711408041,-0.491026739301,"[0.024630214181855573, -0.005111499275870571, -0.004083522126302194, -4.4969472436117404e-07, 2.4568223884096906e-06, -6.28181955787658e-05, -0.005111499275870571, 0.027890873958557164, 0.01022407227874541, -1.8650477867390903e-06, 2.0280210639086543e-06, -4.71817508200934e-05, -0.004083522126302194, 0.01022407227874541, 0.20813805450837664, 2.8996043904301117e-06, -6.376576159006861e-06, 6.50017570320335e-06, -4.4969472436117404e-07, -1.8650477867390903e-06, 2.8996043904301117e-06, 4.172791279227664e-06, -9.665379151011607e-08, -1.1089727770827298e-06, 2.4568223884096906e-06, 2.0280210639086543e-06, -6.376576159006861e-06, -9.665379151011607e-08, 4.379089992831908e-06, 1.5173844767696126e-07, -6.28181955787658e-05, -4.71817508200934e-05, 6.50017570320335e-06, -1.1089727770827298e-06, 1.5173844767696126e-07, 9.708493986320765e-05]",,,,0.344829829616,0.109137392508,-0.510633876495,,0.0370319600615,-0.18099918664,-0.0611206732604,"[0.0002230969795966334, 1.0513060117471977e-06, -3.122355842867546e-05, 3.716068611735063e-10, 1.560772802749729e-08, 1.2104728953097233e-08, 1.0513060117471977e-06, 0.00027421965374249674, 3.0119816862202057e-05, -1.8703028720294472e-08, 1.1595927603467084e-09, -9.172047444880282e-09, -3.122355842867546e-05, 3.0119816862202057e-05, 0.00015415219048437145, -1.7799215883363099e-09, -1.4323312939001007e-09, 2.718577928346802e-10, 3.716068611735063e-10, -1.8703028720294472e-08, -1.7799215883363099e-09, 2.927598823762479e-09, 8.348859893184041e-12, 1.6275011732561157e-11, 1.560772802749729e-08, 1.1595927603467084e-09, -1.4323312939001007e-09, 8.348859893184041e-12, 2.8897338479857785e-09, 1.2531417171847134e-12, 1.2104728953097233e-08, -9.172047444880282e-09, 2.718577928346802e-10, 1.6275011732561157e-11, 1.2531417171847134e-12, 2.9273503324909517e-09]"
1402415859899158794,,187376,,1402415859,841912031,/enu,/base_link,,,,8.25154639323,22.1361327322,-34.8380992819,,-0.00329607773205,0.000743455327352,-0.870980936839,-0.491305191107,"[0.02463285457047701, -0.005111272419944969, -0.004083295941314983, -4.6099425875613153e-07, 2.6846234604051855e-06, -6.300146478838091e-05, -0.005111272419944969, 0.027893456235073378, 0.010221251386013505, -2.0674611825847764e-06, 2.043736694366128e-06, -4.722442947216793e-05, -0.004083295941314983, 0.010221251386013505, 0.20815072157871797, 2.9205765059841712e-06, -6.381155306691363e-06, 6.504140861925551e-06, -4.6099425875613153e-07, -2.0674611825847764e-06, 2.9205765059841712e-06, 4.212609682340866e-06, -9.664175506058023e-08, -1.1087389122847265e-06, 2.6846234604051855e-06, 2.043736694366128e-06, -6.381155306691363e-06, -9.664175506058023e-08, 4.4189299882125605e-06, 1.5067550377260664e-07, -6.300146478838091e-05, -4.722442947216793e-05, 6.504140861925551e-06, -1.1087389122847265e-06, 1.5067550377260664e-07, 9.711218715081897e-05]",,,,0.361248899121,0.10853922322,-0.512671978806,,0.0161573323684,-0.172384261057,-0.0627773995325,"[0.00022757345528334752, 1.1246448269137194e-06, -3.138437929835416e-05, 3.828559866475994e-10, 1.59091910365712e-08, 1.2177992146930341e-08, 1.1246448269137194e-06, 0.0002795617288020928, 3.0265861727738637e-05, -1.9029775387365385e-08, 1.1803717456325797e-09, -9.229411144573471e-09, -3.138437929835416e-05, 3.0265861727738637e-05, 0.00015461471338861247, -1.7799494588586303e-09, -1.4498741408030612e-09, 2.523401505750319e-10, 3.828559866475994e-10, -1.9029775387365385e-08, -1.7799494588586303e-09, 2.927598783878891e-09, 8.348849389844643e-12, 1.6274556244580572e-11, 1.59091910365712e-08, 1.1803717456325797e-09, -1.4498741408030612e-09, 8.348849389844643e-12, 2.889733805907931e-09, 1.2532823859697543e-12, 1.2177992146930341e-08, -9.229411144573471e-09, 2.523401505750319e-10, 1.6274556244580572e-11, 1.2532823859697543e-12, 2.9273434224932653e-09]"
1402415859899218911,,187377,,1402415859,851914882,/enu,/base_link,,,,8.24886758211,22.1386982869,-34.843064453,,-0.00409205791915,0.00106573023275,-0.870815929549,-0.491591025269,"[0.024635657300138076, -0.005110917431118873, -0.004083261796605446, -4.722490351885994e-07, 2.917161935474902e-06, -6.319958304207176e-05, -0.005110917431118873, 0.027896030328433487, 0.010218464835928982, -2.2742752088906046e-06, 2.0595855550048518e-06, -4.7273235315763206e-05, -0.004083261796605446, 0.010218464835928982, 0.20816365269509227, 2.9421804924229523e-06, -6.385480169215687e-06, 6.508247377358374e-06, -4.722490351885994e-07, -2.2742752088906046e-06, 2.9421804924229523e-06, 4.252592731224598e-06, -9.662961963124123e-08, -1.108503308378503e-06, 2.917161935474902e-06, 2.0595855550048518e-06, -6.385480169215687e-06, -9.662961963124123e-08, 4.458935078895276e-06, 1.4960214287691352e-07, -6.319958304207176e-05, -4.7273235315763206e-05, 6.508247377358374e-06, -1.108503308378503e-06, 1.4960214287691352e-07, 9.713959615693737e-05]",,,,0.37626358633,0.108970028297,-0.512551345804,,0.0220110631909,-0.170396201162,-0.0646550199409,"[0.00023214386029217414, 1.1951658168495168e-06, -3.1557902284666175e-05, 3.949036923269505e-10, 1.62140569863476e-08, 1.2251601583717029e-08, 1.1951658168495168e-06, 0.00028500854337682515, 3.0402357589337337e-05, -1.936014277512122e-08, 1.2017267449796874e-09, -9.286896683424651e-09, -3.1557902284666175e-05, 3.0402357589337337e-05, 0.00015507515532017603, -1.7787850189899762e-09, -1.4678282814282155e-09, 2.3333044962234635e-10, 3.949036923269505e-10, -1.936014277512122e-08, -1.7787850189899762e-09, 2.9275987431559954e-09, 8.348838918378023e-12, 1.6274096182467944e-11, 1.62140569863476e-08, 1.2017267449796874e-09, -1.4678282814282155e-09, 8.348838918378023e-12, 2.889733763825061e-09, 1.2534247546654168e-12, 1.2251601583717029e-08, -9.286896683424651e-09, 2.3333044962234635e-10, 1.6274096182467944e-11, 1.2534247546654168e-12, 2.9273365088978918e-09]"
1402415859938838164,,187378,,1402415859,861915111,/enu,/base_link,,,,8.24587312171,22.1414876494,-34.8481390974,,-0.00483069313922,0.00135318610939,-0.870642729457,-0.491890303763,"[0.02463850350615624, -0.005110623276311044, -0.004083111379033648, -4.83426539877857e-07, 3.1540065544654946e-06, -6.34120007213544e-05, -0.005110623276311044, 0.02789874619519531, 0.01021558845354604, -2.4851376555857928e-06, 2.075515976605132e-06, -4.732872194982526e-05, -0.004083111379033648, 0.01021558845354604, 0.20817669309527215, 2.964396288051337e-06, -6.389458356213299e-06, 6.512168862041637e-06, -4.83426539877857e-07, -2.4851376555857928e-06, 2.964396288051337e-06, 4.292553467334483e-06, -9.6617383258367e-08, -1.1082658079381049e-06, 3.1540065544654946e-06, 2.075515976605132e-06, -6.389458356213299e-06, -9.6617383258367e-08, 4.498918307893423e-06, 1.4851838835859644e-07, -6.34120007213544e-05, -4.732872194982526e-05, 6.512168862041637e-06, -1.1082658079381049e-06, 1.4851838835859644e-07, 9.716697686370418e-05]",,,,0.392467790354,0.106304503223,-0.512348528421,,0.0224528535553,-0.157032021802,-0.0676371193722,"[0.00023680483962993203, 1.2600945331974832e-06, -3.1735038399513e-05, 4.082374643910562e-10, 1.6521857162843508e-08, 1.2325474165712361e-08, 1.2600945331974832e-06, 0.0002905443441224691, 3.053497124289418e-05, -1.9693305881963723e-08, 1.2239715715718723e-09, -9.344157381892111e-09, -3.1735038399513e-05, 3.053497124289418e-05, 0.0001555276783437871, -1.7772755117243392e-09, -1.48424347729592e-09, 2.1579876975612717e-10, 4.082374643910562e-10, -1.9693305881963723e-08, -1.7772755117243392e-09, 2.9275987015359947e-09, 8.34882793650026e-12, 1.6273631702968375e-11, 1.6521857162843508e-08, 1.2239715715718723e-09, -1.48424347729592e-09, 8.34882793650026e-12, 2.8897337200280358e-09, 1.2535687393866852e-12, 1.2325474165712361e-08, -9.344157381892111e-09, 2.1579876975612717e-10, 1.6273631702968375e-11, 1.2535687393866852e-12, 2.927329592277524e-09]"
1402415859938865159,,187379,,1402415859,872881889,/enu,/base_link,,,,8.24252794676,22.1445846477,-34.8536023391,,-0.00568410357108,0.00162726418081,-0.870440560085,-0.492238026098,"[0.024641739626580474, -0.00511023265524022, -0.004083038304912001, -4.955984956531038e-07, 3.4191475492619424e-06, -6.366151744373075e-05, -0.00511023265524022, 0.027901730085214602, 0.010212480209831436, -2.721525026216532e-06, 2.093039722076538e-06, -4.7395251015375575e-05, -0.004083038304912001, 0.010212480209831436, 0.20819078939518318, 2.98899394411358e-06, -6.3938171536174e-06, 6.516010498079031e-06, -4.955984956531038e-07, -2.721525026216532e-06, 2.98899394411358e-06, 4.340625256288144e-06, -9.660518468378208e-08, -1.1080329248014645e-06, 3.4191475492619424e-06, 2.093039722076538e-06, -6.3938171536174e-06, -9.660518468378208e-08, 4.547013283670981e-06, 1.4742331078941117e-07, -6.366151744373075e-05, -4.7395251015375575e-05, 6.516010498079031e-06, -1.1080329248014645e-06, 1.4742331078941117e-07, 9.720258859662962e-05]",,,,0.408576260552,0.105344545423,-0.51128001912,,0.0328349426003,-0.160235006722,-0.0721654862122,"[0.0002420499151869257, 1.326115513933906e-06, -3.194784206435943e-05, 4.2426400257324957e-10, 1.6862286712723553e-08, 1.2406955826102055e-08, 1.326115513933906e-06, 0.00029676705311357113, 3.066012029623302e-05, -2.006196219671336e-08, 1.2493920052090702e-09, -9.407147877516657e-09, -3.194784206435943e-05, 3.066012029623302e-05, 0.00015605938507062535, -1.773216194425269e-09, -1.5035843912532e-09, 1.9692512615484545e-10, 4.2426400257324957e-10, -2.006196219671336e-08, -1.773216194425269e-09, 2.9275986592208574e-09, 8.34881701682353e-12, 1.6273162453941917e-11, 1.6862286712723553e-08, 1.2493920052090702e-09, -1.5035843912532e-09, 8.34881701682353e-12, 2.889733675876385e-09, 1.2537150891162104e-12, 1.2406955826102055e-08, -9.407147877516657e-09, 1.9692512615484545e-10, 1.6273162453941917e-11, 1.2537150891162104e-12, 2.9273226715001875e-09]"
1402415859938897358,,187380,,1402415859,882883071,/enu,/base_link,,,,8.2394636089,22.1477393336,-34.8587797536,,-0.00643968813576,0.00181079730679,-0.870268205957,-0.492532741176,"[0.02464472303905236, -0.005109874191024958, -0.0040829254295056076, -5.066190148166445e-07, 3.6650950486231262e-06, -6.39048444527764e-05, -0.005109874191024958, 0.02790454091092088, 0.010209577635751347, -2.9409489226951984e-06, 2.109160089629028e-06, -4.746062637129028e-05, -0.0040829254295056076, 0.010209577635751347, 0.20820389624626798, 3.0125549138515976e-06, -6.397278287027768e-06, 6.519730985151303e-06, -5.066190148166445e-07, -2.9409489226951984e-06, 3.0125549138515976e-06, 4.380590597881619e-06, -9.659272902545006e-08, -1.1077912784033176e-06, 3.6650950486231262e-06, 2.109160089629028e-06, -6.397278287027768e-06, -9.659272902545006e-08, 4.587002128968433e-06, 1.4631682980288203e-07, -6.39048444527764e-05, -4.746062637129028e-05, 6.519730985151303e-06, -1.1077912784033176e-06, 1.4631682980288203e-07, 9.722996084558094e-05]",,,,0.424212550962,0.10074369514,-0.521085258712,,0.0422230016783,-0.149742469143,-0.0668640035237,"[0.000246894183483638, 1.3832499454786977e-06, -3.214549532211743e-05, 4.385657861834232e-10, 1.7176327340072485e-08, 1.2480819028311551e-08, 1.3832499454786977e-06, 0.00030250785337074585, 3.0758300634496904e-05, -2.0401746259486526e-08, 1.2720115381285833e-09, -9.464850555714364e-09, -3.214549532211743e-05, 3.0758300634496904e-05, 0.00015649734280015197, -1.7672942166180826e-09, -1.5202255823218716e-09, 1.8169822550077334e-10, 4.385657861834232e-10, -2.0401746259486526e-08, -1.7672942166180826e-09, 2.927598616130424e-09, 8.34880614678081e-12, 1.6272688454592838e-11, 1.7176327340072485e-08, 1.2720115381285833e-09, -1.5202255823218716e-09, 8.34880614678081e-12, 2.8897336306288057e-09, 1.2538633462671724e-12, 1.2480819028311551e-08, -9.464850555714364e-09, 1.8169822550077334e-10, 1.6272688454592838e-11, 1.2538633462671724e-12, 2.9273157465945347e-09]"
1402415859938918670,,187381,,1402415859,892879009,/enu,/base_link,,,,8.23632158638,22.151034194,-34.8640164331,,-0.00709411058044,0.00200397532937,-0.870064564916,-0.492882653941,"[0.024647828893903816, -0.00510951727913297, -0.004082889940030386, -5.175557748989671e-07, 3.9149636083432575e-06, -6.416203250886389e-05, -0.00510951727913297, 0.027907394051097333, 0.01020678049104233, -3.164021880749467e-06, 2.125344466885727e-06, -4.753355029471385e-05, -0.004082889940030386, 0.01020678049104233, 0.20821668720184647, 3.0367131714567563e-06, -6.400335181551456e-06, 6.523103433983545e-06, -5.175557748989671e-07, -3.164021880749467e-06, 3.0367131714567563e-06, 4.420512587098569e-06, -9.658017627478862e-08, -1.1075477200703074e-06, 3.9149636083432575e-06, 2.125344466885727e-06, -6.400335181551456e-06, -9.658017627478862e-08, 4.626948089042233e-06, 1.4520012206265648e-07, -6.416203250886389e-05, -4.753355029471385e-05, 6.523103433983545e-06, -1.1075477200703074e-06, 1.4520012206265648e-07, 9.72572834883273e-05]",,,,0.440113916961,0.101559879526,-0.531175261926,,0.0305155382131,-0.133175304668,-0.0795655058963,"[0.00025183238103433636, 1.4319703666522188e-06, -3.234376099288836e-05, 4.5621277052308173e-10, 1.7493468408066983e-08, 1.255579256413916e-08, 1.4319703666522188e-06, 0.0003083317441216734, 3.086551117824173e-05, -2.074428205870537e-08, 1.2974310993486049e-09, -9.521100452039297e-09, -3.234376099288836e-05, 3.086551117824173e-05, 0.00015693240963037187, -1.763370699789075e-09, -1.534428945605255e-09, 1.6732732390680855e-10, 4.5621277052308173e-10, -2.074428205870537e-08, -1.763370699789075e-09, 2.9275985720392746e-09, 8.3487947356006e-12, 1.627220974663148e-11, 1.7493468408066983e-08, 1.2974310993486049e-09, -1.534428945605255e-09, 8.3487947356006e-12, 2.8897335840577865e-09, 1.2540136804241362e-12, 1.255579256413916e-08, -9.521100452039297e-09, 1.6732732390680855e-10, 1.627220974663148e-11, 1.2540136804241362e-12, 2.9273088180740175e-09]"
