rosbagTimestamp,header,seq,stamp,secs,nsecs,frame_id,child_frame_id,pose,pose,position,x,y,z,orientation,x,y,z,w,covariance,twist,twist,linear,x,y,z,angular,x,y,z,covariance
1402416553443257217,,254655,,1402416553,412142038,/enu,/base_link,,,,6.674090281,21.8111384971,-31.084878232,,0.0301639768451,-0.022532077378,0.751652898237,0.658483379109,"[0.02586874271417227, -0.0045091362960538875, -0.004955378401255919, -3.037808345802474e-06, -5.810870462969112e-06, -4.8655528100141614e-05, -0.0045091362960538875, 0.03216910881283703, 0.003119259677975067, -3.407002646759951e-07, 9.63048327728102e-07, -1.3469710507477736e-06, -0.004955378401255919, 0.003119259677975067, 0.21710022867776568, 3.446731195575515e-06, -7.857769054894112e-07, -3.878416630825665e-06, -3.037808345802474e-06, -3.407002646759951e-07, 3.446731195575515e-06, 3.752637311557801e-06, -1.2934947171953738e-07, 2.232215900231218e-06, -5.810870462969112e-06, 9.63048327728102e-07, -7.857769054894112e-07, -1.2934947171953738e-07, 4.507123790119085e-06, 4.9622916101540505e-06, -4.8655528100141614e-05, -1.3469710507477736e-06, -3.878416630825665e-06, 2.232215900231218e-06, 4.9622916101540505e-06, 5.657093232304172e-05]",,,,1.04852544982,-0.300561440628,-0.0490398914757,,-0.0199081867298,-0.0297843783109,0.764150958453,"[0.00019950001158516, 3.7402981774287124e-05, -4.0763355054658555e-05, -3.781965119562023e-09, 6.053506027597847e-10, -3.185193247965806e-08, 3.7402981774287124e-05, 0.000259999544507715, 2.5263765271329526e-05, -3.781475303635931e-09, -1.0308960292573125e-08, -2.783900135674118e-08, -4.0763355054658555e-05, 2.5263765271329526e-05, 0.00017849582677596562, 1.7716371591916198e-09, 7.307304946278586e-10, 3.1485159570604007e-09, -3.781965119562023e-09, -3.781475303635931e-09, 1.7716371591916198e-09, 1.971548237122732e-09, 3.6270175190094217e-12, 1.0982026023575658e-11, 6.053506027597847e-10, -1.0308960292573125e-08, 7.307304946278586e-10, 3.6270175190094217e-12, 1.9524443643336645e-09, 2.113826537815053e-12, -3.185193247965806e-08, -2.783900135674118e-08, 3.1485159570604007e-09, 1.0982026023575658e-11, 2.113826537815053e-12, 1.9538800424463214e-09]"
1402416553443351268,,254656,,1402416553,422139883,/enu,/base_link,,,,6.67568127296,21.8218113961,-31.0845756227,,0.030261957924,-0.0228578816548,0.754141324436,0.65561619407,"[0.02587043347116853, -0.004507822738113194, -0.004956907684068311, -3.065612221791798e-06, -5.626210133691077e-06, -4.853367405489698e-05, -0.004507822738113194, 0.03217095438864352, 0.0031156306786073434, -5.066263442183844e-07, 9.486251682221629e-07, -1.8546602917017002e-06, -0.004956907684068311, 0.0031156306786073434, 0.2171131883365586, 3.4605853806980867e-06, -7.846908557550175e-07, -3.847520210349418e-06, -3.065612221791798e-06, -5.066263442183844e-07, 3.4605853806980867e-06, 3.7925681158140533e-06, -1.293918993692681e-07, 2.2319742520953604e-06, -5.626210133691077e-06, 9.486251682221629e-07, -7.846908557550175e-07, -1.293918993692681e-07, 4.546906208213802e-06, 4.961113673833861e-06, -4.853367405489698e-05, -1.8546602917017002e-06, -3.847520210349418e-06, 2.2319742520953604e-06, 4.961113673833861e-06, 5.660531801936163e-05]",,,,1.03427901845,-0.299024086562,-0.0533972633043,,-0.0070962472008,-0.055739603352,0.76205244342,"[0.00020370072635101725, 3.821280876355024e-05, -4.060113339536837e-05, -3.871184872715568e-09, 6.643639716574448e-10, -3.2206453028108225e-08, 3.821280876355024e-05, 0.0002642860421461614, 2.538423646997745e-05, -3.908890161066785e-09, -1.043964186368859e-08, -2.7816954928575617e-08, -4.060113339536837e-05, 2.538423646997745e-05, 0.00017893571446583935, 1.7829592485961152e-09, 7.40378230614617e-10, 3.1760137619399576e-09, -3.871184872715568e-09, -3.908890161066785e-09, 1.7829592485961152e-09, 1.971548222919873e-09, 3.6269972175316183e-12, 1.0981893566652325e-11, 6.643639716574448e-10, -1.043964186368859e-08, 7.40378230614617e-10, 3.6269972175316183e-12, 1.9524443026594234e-09, 2.1135801356130185e-12, -3.2206453028108225e-08, -2.7816954928575617e-08, 3.1760137619399576e-09, 1.0981893566652325e-11, 2.1135801356130185e-12, 1.9538787080429673e-09]"
1402416553443378824,,254657,,1402416553,432141065,/enu,/base_link,,,,6.6770899267,21.8323841659,-31.0841799996,,0.0301367248855,-0.0231833415563,0.75664018497,0.652725011759,"[0.02587217422696846, -0.004506462861642535, -0.004958704733766044, -3.0933900367116167e-06, -5.4363951532546205e-06, -4.8402274561880605e-05, -0.004506462861642535, 0.03217282168307773, 0.003111965045807801, -6.767442634013043e-07, 9.339264051583513e-07, -2.3695566705760983e-06, -0.004958704733766044, 0.003111965045807801, 0.21712628971550585, 3.4741477701029465e-06, -7.832458104378226e-07, -3.816238607638616e-06, -3.0933900367116167e-06, -6.767442634013043e-07, 3.4741477701029465e-06, 3.8325243015843385e-06, -1.2943449665304273e-07, 2.231732570185678e-06, -5.4363951532546205e-06, 9.339264051583513e-07, -7.832458104378226e-07, -1.2943449665304273e-07, 4.58671313177608e-06, 4.95992858879944e-06, -4.8402274561880605e-05, -2.3695566705760983e-06, -3.816238607638616e-06, 2.231732570185678e-06, 4.95992858879944e-06, 5.6639724712670786e-05]",,,,1.02586908431,-0.300324934682,-0.0431577538269,,-0.0361440094132,-0.022053036822,0.767685272293,"[0.00020802398624915672, 3.903794033897506e-05, -4.0422367413143516e-05, -3.963406159870413e-09, 7.224442185523328e-10, -3.256511500286139e-08, 3.903794033897506e-05, 0.00026862264435369783, 2.55439031047625e-05, -4.0372661515169554e-09, -1.0572014544771697e-08, -2.7789659798805313e-08, -4.0422367413143516e-05, 2.55439031047625e-05, 0.00017936203672050475, 1.7919794300781613e-09, 7.466491581981069e-10, 3.184827797400774e-09, -3.963406159870413e-09, -4.0372661515169554e-09, 1.7919794300781613e-09, 1.9715482083407948e-09, 3.626976777618608e-12, 1.0981759233471815e-11, 7.224442185523328e-10, -1.0572014544771697e-08, 7.466491581981069e-10, 3.626976777618608e-12, 1.9524442407924355e-09, 2.113333999993772e-12, -3.256511500286139e-08, -2.7789659798805313e-08, 3.184827797400774e-09, 1.0981759233471815e-11, 2.113333999993772e-12, 1.953877375132208e-09]"
1402416553444276514,,254658,,1402416553,443145036,/enu,/base_link,,,,6.67881834619,21.8439935266,-31.083982247,,0.0302810793602,-0.0235872867379,0.759400127111,0.649490679749,"[0.025874006900334198, -0.004505013554947373, -0.004960415390947145, -3.123756051061655e-06, -5.221409650303895e-06, -4.824302079992743e-05, -0.004505013554947373, 0.03217488942846689, 0.003107968747134239, -8.685937780827952e-07, 9.177761581844209e-07, -2.9398324022031725e-06, -0.004960415390947145, 0.003107968747134239, 0.21714069393978172, 3.487836106197947e-06, -7.816746555232784e-07, -3.782382638937233e-06, -3.123756051061655e-06, -8.685937780827952e-07, 3.487836106197947e-06, 3.880907362176232e-06, -1.2947829983023294e-07, 2.2314855940074194e-06, -5.221409650303895e-06, 9.177761581844209e-07, -7.816746555232784e-07, -1.2947829983023294e-07, 4.6349459547570915e-06, 4.9587362851586e-06, -4.824302079992743e-05, -2.9398324022031725e-06, -3.782382638937233e-06, 2.2314855940074194e-06, 4.9587362851586e-06, 5.668260436996599e-05]",,,,1.00877578334,-0.299853360848,-0.0458318539076,,-0.00864251754826,-0.0664530381546,0.775306160226,"[0.00021289312400401568, 3.996245993997956e-05, -4.025524223770155e-05, -4.066890157950319e-09, 7.853404511321606e-10, -3.296217854658411e-08, 3.996245993997956e-05, 0.00027352747833353746, 2.5675886307527317e-05, -4.17831262952846e-09, -1.071937150416196e-08, -2.7751344891494327e-08, -4.025524223770155e-05, 2.5675886307527317e-05, 0.00017989807819060927, 1.804923682147508e-09, 7.558992667034508e-10, 3.219025276051408e-09, -4.066890157950319e-09, -4.17831262952846e-09, 1.804923682147508e-09, 1.9715481935887246e-09, 3.626956002491968e-12, 1.0981624514222205e-11, 7.853404511321606e-10, -1.071937150416196e-08, 7.558992667034508e-10, 3.626956002491968e-12, 1.952444178776654e-09, 2.11308785197411e-12, -3.296217854658411e-08, -2.7751344891494327e-08, 3.219025276051408e-09, 1.0981624514222205e-11, 2.11308785197411e-12, 1.953876037012883e-09]"
1402416553454295863,,254659,,1402416553,453174114,/enu,/base_link,,,,6.68010024615,21.8544961881,-31.0836568525,,0.030228703918,-0.0239062317445,0.761881496914,0.646568868879,"[0.025875760093601027, -0.004503620472275996, -0.004962187048938489, -3.1513685448961052e-06, -5.020401825166182e-06, -4.8088118662678104e-05, -0.004503620472275996, 0.03217686325381602, 0.0031042426743243014, -1.047426481508809e-06, 9.026562902455842e-07, -3.4681479046485566e-06, -0.004962187048938489, 0.0031042426743243014, 0.21715391470119852, 3.5005257069563837e-06, -7.796498624616026e-07, -3.7508072938306723e-06, -3.1513685448961052e-06, -1.047426481508809e-06, 3.5005257069563837e-06, 3.9210841138185454e-06, -1.295212962112833e-07, 2.2312437682400994e-06, -5.020401825166182e-06, 9.026562902455842e-07, -7.796498624616026e-07, -1.295212962112833e-07, 4.674971502423008e-06, 4.957535305317452e-06, -4.8088118662678104e-05, -3.4681479046485566e-06, -3.7508072938306723e-06, 2.2312437682400994e-06, 4.957535305317452e-06, 5.671722271983144e-05]",,,,1.00080953178,-0.299233981791,-0.0476487340697,,-0.0253201304489,-0.0323246805995,0.767574809707,"[0.0002174124451891133, 4.08054171239866e-05, -4.009189016170644e-05, -4.16380382414032e-09, 8.434531957598829e-10, -3.3324000128861876e-08, 4.08054171239866e-05, 0.00027802735658465566, 2.5821203298990193e-05, -4.308373270988221e-09, -1.0855224837562056e-08, -2.7714565716458872e-08, -4.009189016170644e-05, 2.5821203298990193e-05, 0.00018032693388290508, 1.8147459944691765e-09, 7.621933185527382e-10, 3.234497700181519e-09, -4.16380382414032e-09, -4.308373270988221e-09, 1.8147459944691765e-09, 1.9715481784712727e-09, 3.6269350354363207e-12, 1.098148635148474e-11, 8.434531957598829e-10, -1.0855224837562056e-08, 7.621933185527382e-10, 3.6269350354363207e-12, 1.9524441162355652e-09, 2.1128420133183927e-12, -3.3324000128861876e-08, -2.7714565716458872e-08, 3.234497700181519e-09, 1.098148635148474e-11, 2.1128420133183927e-12, 1.9538746985955055e-09]"
1402416553491034489,,254660,,1402416553,463141918,/enu,/base_link,,,,6.68151199358,21.8646670948,-31.0832444601,,0.0303400604062,-0.0241505795208,0.764366492994,0.643614865142,"[0.025877529589225328, -0.004502257388880002, -0.004963833461911973, -3.178689122818337e-06, -4.815758019062263e-06, -4.792323847961458e-05, -0.004502257388880002, 0.032178857932535956, 0.003100591562561793, -1.2288230234861488e-06, 8.876641525425045e-07, -3.996408423751764e-06, -0.004963833461911973, 0.003100591562561793, 0.21716699007398466, 3.5127039287549953e-06, -7.775779821179147e-07, -3.719709077056548e-06, -3.178689122818337e-06, -1.2288230234861488e-06, 3.5127039287549953e-06, 3.9607691882274985e-06, -1.295643923291662e-07, 2.231002308286928e-06, -4.815758019062263e-06, 8.876641525425045e-07, -7.775779821179147e-07, -1.295643923291662e-07, 4.714504507068183e-06, 4.956327137321419e-06, -4.792323847961458e-05, -3.996408423751764e-06, -3.719709077056548e-06, 2.231002308286928e-06, 4.956327137321419e-06, 5.67513417768143e-05]",,,,0.986854149419,-0.299828495561,-0.0463930131119,,0.00737240627835,-0.0480082636796,0.776410623684,"[0.0002219886874737837, 4.1647431614825263e-05, -3.995159669867879e-05, -4.2624171156751654e-09, 9.001201655663072e-10, -3.3686576684219126e-08, 4.1647431614825263e-05, 0.0002825759524668269, 2.5929508447127048e-05, -4.437255665578316e-09, -1.09916394610029e-08, -2.7669578687376964e-08, -3.995159669867879e-05, 2.5929508447127048e-05, 0.00018074513056370086, 1.8264663709592987e-09, 7.713923860166388e-10, 3.2642180733045808e-09, -4.2624171156751654e-09, -4.437255665578316e-09, 1.8264663709592987e-09, 1.971548163027538e-09, 3.6269138918120042e-12, 1.09813485270602e-11, 9.001201655663072e-10, -1.09916394610029e-08, 7.713923860166388e-10, 3.6269138918120042e-12, 1.952444053371775e-09, 2.1125962493129404e-12, -3.3686576684219126e-08, -2.7669578687376964e-08, 3.2642180733045808e-09, 1.09813485270602e-11, 2.1125962493129404e-12, 1.953873360921291e-09]"
1402416553491139685,,254661,,1402416553,474144935,/enu,/base_link,,,,6.68292812567,21.8759049098,-31.0830069372,,0.030491242746,-0.024412142406,0.767074778185,0.640367563273,"[0.025879517447951823, -0.004500733628510469, -0.004965773787085567, -3.2087189214137254e-06, -4.583702091112087e-06, -4.77283915965933e-05, -0.004500733628510469, 0.03218110008233636, 0.0030964910743983987, -1.4340095481264576e-06, 8.709020379370054e-07, -4.586030944861795e-06, -0.004965773787085567, 0.0030964910743983987, 0.2171815410033012, 3.525036308265486e-06, -7.75096158507432e-07, -3.685280673257995e-06, -3.2087189214137254e-06, -1.4340095481264576e-06, 3.525036308265486e-06, 4.009139492281413e-06, -1.296087199470987e-07, 2.2307554752476918e-06, -4.583702091112087e-06, 8.709020379370054e-07, -7.75096158507432e-07, -1.296087199470987e-07, 4.76272174167753e-06, 4.955111654556388e-06, -4.77283915965933e-05, -4.586030944861795e-06, -3.685280673257995e-06, 2.2307554752476918e-06, 4.955111654556388e-06, 5.6794193892484586e-05]",,,,0.973661732629,-0.302457313745,-0.0519575214981,,0.0115694203705,-0.0511008019675,0.770225541646,"[0.00022718209398504344, 4.25836465790567e-05, -3.980926191755972e-05, -4.373548921860415e-09, 9.631699427506748e-10, -3.4086535336716415e-08, 4.25836465790567e-05, 0.000287732416128068, 2.6036475769236304e-05, -4.580477237297634e-09, -1.1143990602630366e-08, -2.761736474043946e-08, -3.980926191755972e-05, 2.6036475769236304e-05, 0.00018125135991076875, 1.8399392075465279e-09, 7.815183310897887e-10, 3.2997931831846465e-09, -4.373548921860415e-09, -4.580477237297634e-09, 1.8399392075465279e-09, 1.9715481473250262e-09, 3.6268924586289865e-12, 1.0981208246611424e-11, 9.631699427506748e-10, -1.1143990602630366e-08, 7.815183310897887e-10, 3.6268924586289865e-12, 1.952443990410199e-09, 2.1123507154311658e-12, -3.4086535336716415e-08, -2.761736474043946e-08, 3.2997931831846465e-09, 1.0981208246611424e-11, 2.1123507154311658e-12, 1.953872021029364e-09]"
1402416553530842575,,254662,,1402416553,484141111,/enu,/base_link,,,,6.69431044939,21.90134941,-31.0962461805,,0.0288718452389,-0.0233357795485,0.767983310177,0.639393066302,"[0.02586639402142473, -0.004504943419929364, -0.004962353474478131, -2.725287492206962e-06, -5.63711610539108e-06, -4.781648576513379e-05, -0.004504943419929364, 0.03217128779463922, 0.0031075015890336594, -8.875791050073715e-07, 6.075196248213847e-07, -4.501767519284554e-06, -0.004962353474478131, 0.0031075015890336594, 0.2171284736442968, 3.7196744837205714e-06, -4.849071428817574e-07, -3.2528914120310747e-06, -2.725287492206962e-06, -8.875791050073715e-07, 3.7196744837205714e-06, 3.786159680550476e-06, -1.6667692237461674e-07, 1.9109533366993266e-06, -5.63711610539108e-06, 6.075196248213847e-07, -4.849071428817574e-07, -1.6667692237461674e-07, 4.491820316199655e-06, 4.70762710621752e-06, -4.781648576513379e-05, -4.501767519284554e-06, -3.2528914120310747e-06, 1.9109533366993266e-06, 4.70762710621752e-06, 5.630747120257406e-05]",,,,1.00463356739,-0.307927670314,-0.066169379241,,-0.00676599724143,-0.0307773871513,0.7744201951,"[0.0002081769336724356, 4.2686539884700704e-05, -3.991928775802125e-05, -3.691472227190011e-09, 5.310429243924056e-10, -3.296749118837261e-08, 4.2686539884700704e-05, 0.0002641488083024584, 2.6226933926228158e-05, -3.901276004895167e-09, -1.0463658265618219e-08, -2.7898625743668683e-08, -3.991928775802125e-05, 2.6226933926228158e-05, 0.00017996449804073107, 1.8256268879305197e-09, 7.978652596928931e-10, 3.1975686251273913e-09, -3.691472227190011e-09, -3.901276004895167e-09, 1.8256268879305197e-09, 1.9715079635068276e-09, 3.619962133743469e-12, 1.0917440697540395e-11, 5.310429243924056e-10, -1.0463658265618219e-08, 7.978652596928931e-10, 3.619962133743469e-12, 1.952399266811793e-09, 2.1243370478667514e-12, -3.296749118837261e-08, -2.7898625743668683e-08, 3.1975686251273913e-09, 1.0917440697540395e-11, 2.1243370478667514e-12, 1.9537573694702857e-09]"
1402416553570903672,,254663,,1402416553,494065999,/enu,/base_link,,,,6.69557333581,21.911789672,-31.0963863381,,0.0290092700858,-0.023581153994,0.770431459006,0.636425768177,"[0.02586792533511133, -0.00450367934221063, -0.00496395895533539, -2.7519242870038692e-06, -5.448649508687056e-06, -4.763989870818752e-05, -0.00450367934221063, 0.0321732802392076, 0.003103779508517683, -1.0553745194910342e-06, 5.946632922803543e-07, -5.013134104586809e-06, -0.00496395895533539, 0.003103779508517683, 0.21714153418621043, 3.7310953016671345e-06, -4.820178566130931e-07, -3.2213049209254886e-06, -2.7519242870038692e-06, -1.0553745194910342e-06, 3.7310953016671345e-06, 3.825510349793891e-06, -1.6671065552964127e-07, 1.9107549227105892e-06, -5.448649508687056e-06, 5.946632922803543e-07, -4.820178566130931e-07, -1.6671065552964127e-07, 4.531031286385192e-06, 4.706483354008832e-06, -4.763989870818752e-05, -5.013134104586809e-06, -3.2213049209254886e-06, 1.9107549227105892e-06, 4.706483354008832e-06, 5.63413966524338e-05]",,,,0.991827380541,-0.305019546588,-0.0621248234556,,0.00891758424887,-0.0527564926541,0.776850039388,"[0.00021250095329886884, 4.34479902231085e-05, -3.975000664600419e-05, -3.781586438679008e-09, 5.888944432784688e-10, -3.3317560414585775e-08, 4.34479902231085e-05, 0.0002683342740505225, 2.6334554215552925e-05, -4.03036138460905e-09, -1.059097212907932e-08, -2.784475138646797e-08, -3.975000664600419e-05, 2.6334554215552925e-05, 0.0001803811501957637, 1.8365727455410854e-09, 8.077156456920924e-10, 3.2273444421609916e-09, -3.781586438679008e-09, -4.03036138460905e-09, 1.8365727455410854e-09, 1.9715079500989317e-09, 3.6199422354886252e-12, 1.0917311343109834e-11, 5.888944432784688e-10, -1.059097212907932e-08, 8.077156456920924e-10, 3.6199422354886252e-12, 1.9523992061487716e-09, 2.1240984404777033e-12, -3.3317560414585775e-08, -2.784475138646797e-08, 3.2273444421609916e-09, 1.0917311343109834e-11, 2.1240984404777033e-12, 1.953756066729994e-09]"
1402416553570937535,,254664,,1402416553,505100011,/enu,/base_link,,,,6.69686529348,21.9232014946,-31.0962139436,,0.0289006836111,-0.0238280357542,0.773122039538,0.633150287989,"[0.02586966176276483, -0.004502145963341817, -0.004965865845759185, -2.7815863373301426e-06, -5.233017930299159e-06, -4.743311074105798e-05, -0.004502145963341817, 0.0321754951533701, 0.0030996641380849495, -1.247110284737188e-06, 5.800351754916646e-07, -5.590315683568413e-06, -0.004965865845759185, 0.0030996641380849495, 0.21715612532989767, 3.742814808572488e-06, -4.78468826916855e-07, -3.1856551117341626e-06, -2.7815863373301426e-06, -1.247110284737188e-06, 3.742814808572488e-06, 3.874161240623733e-06, -1.6674560508345125e-07, 1.9105506180511178e-06, -5.233017930299159e-06, 5.800351754916646e-07, -4.78468826916855e-07, -1.6674560508345125e-07, 4.579541471330921e-06, 4.705332191275318e-06, -4.743311074105798e-05, -5.590315683568413e-06, -3.1856551117341626e-06, 1.9105506180511178e-06, 4.705332191275318e-06, 5.638467339014906e-05]",,,,0.982734932846,-0.305573433972,-0.0637067928463,,-0.017921222622,-0.0133266423791,0.770775406194,"[0.00021748565335387866, 4.43008823763899e-05, -3.9541305550869904e-05, -3.8849397957337634e-09, 6.535501665124722e-10, -3.3707938261922856e-08, 4.43008823763899e-05, 0.0002731071739380629, 2.6494058225686893e-05, -4.175559459515062e-09, -1.0734494307949006e-08, -2.778351158561378e-08, -3.9541305550869904e-05, 2.6494058225686893e-05, 0.0001808730232360092, 1.8460888468045651e-09, 8.151919596546558e-10, 3.2380130450354355e-09, -3.8849397957337634e-09, -4.175559459515062e-09, 1.8460888468045651e-09, 1.9715079364253384e-09, 3.6199222130820713e-12, 1.091718233912352e-11, 6.535501665124722e-10, -1.0734494307949006e-08, 8.151919596546558e-10, 3.6199222130820713e-12, 1.952399145301354e-09, 2.123859998001761e-12, -3.3707938261922856e-08, -2.778351158561378e-08, 3.2380130450354355e-09, 1.091718233912352e-11, 2.123859998001761e-12, 1.9537547608079837e-09]"
1402416553570965641,,254665,,1402416553,515098094,/enu,/base_link,,,,6.69784404026,21.9332310061,-31.0958548989,,0.0289584954879,-0.024101934281,0.775576932881,0.630127704109,"[0.02587123444659749, -0.004500822687346868, -0.00496748051195795, -2.8083561027842194e-06, -5.032775441662217e-06, -4.7233763095755334e-05, -0.004500822687346868, 0.03217756368611842, 0.00309592159396517, -1.4243367388462667e-06, 5.668218545953866e-07, -6.116867626230532e-06, -0.00496748051195795, 0.00309592159396517, 0.21716927541637154, 3.753461296173379e-06, -4.7501954327533723e-07, -3.153533730550498e-06, -2.8083561027842194e-06, -1.4243367388462667e-06, 3.753461296173379e-06, 3.91409241314557e-06, -1.667796701949032e-07, 1.910352086028206e-06, -5.032775441662217e-06, 5.668218545953866e-07, -4.7501954327533723e-07, -1.667796701949032e-07, 4.61933117148095e-06, 4.704172857929095e-06, -4.7233763095755334e-05, -6.116867626230532e-06, -3.153533730550498e-06, 1.910352086028206e-06, 4.704172857929095e-06, 5.641917283484035e-05]",,,,0.968612066848,-0.303335193778,-0.0590558257836,,-0.00544062628426,-0.0440311210764,0.781157488957,"[0.00022204311402727872, 4.508714600724302e-05, -3.937013640878028e-05, -3.9807577229054235e-09, 7.111024595723878e-10, -3.4063944422414955e-08, 4.508714600724302e-05, 0.0002774601776135276, 2.6616468348604352e-05, -4.307102385589562e-09, -1.0866052788372775e-08, -2.7719388800648777e-08, -3.937013640878028e-05, 2.6616468348604352e-05, 0.0001812936045337874, 1.8563086772400146e-09, 8.226853124196369e-10, 3.2615112363276283e-09, -3.9807577229054235e-09, -4.307102385589562e-09, 1.8563086772400146e-09, 1.971507922403601e-09, 3.619901859371601e-12, 1.091704991427825e-11, 7.111024595723878e-10, -1.0866052788372775e-08, 8.226853124196369e-10, 3.619901859371601e-12, 1.952399084128321e-09, 2.1236217687218955e-12, -3.4063944422414955e-08, -2.7719388800648777e-08, 3.2615112363276283e-09, 1.091704991427825e-11, 2.1236217687218955e-12, 1.9537534538603076e-09]"
1402416553570988397,,254666,,1402416553,525047063,/enu,/base_link,,,,6.69870805276,21.9432667766,-31.0957654687,,0.0289427473422,-0.0242809379209,0.778003202308,0.627123409409,"[0.02587285683258774, -0.004499438550188294, -0.0049692457254895284, -2.835003920943197e-06, -4.828402483063954e-06, -4.702584788200104e-05, -0.004499438550188294, 0.0321796365082566, 0.0030921502276613885, -1.6047956337683368e-06, 5.535789995830576e-07, -6.646068532196839e-06, -0.0049692457254895284, 0.0030921502276613885, 0.21718259875304383, 3.7637626881165492e-06, -4.7133516874914276e-07, -3.121395761058256e-06, -2.835003920943197e-06, -1.6047956337683368e-06, 3.7637626881165492e-06, 3.953630193661662e-06, -1.6681380192484996e-07, 1.910153962373829e-06, -4.828402483063954e-06, 5.535789995830576e-07, -4.7133516874914276e-07, -1.6681380192484996e-07, 4.658726697813112e-06, 4.703006489048375e-06, -4.702584788200104e-05, -6.646068532196839e-06, -3.121395761058256e-06, 1.910153962373829e-06, 4.703006489048375e-06, 5.645327197618529e-05]",,,,0.959435369984,-0.307664098252,-0.0584898544417,,-0.000249582218694,-0.0208370918699,0.778285840574,"[0.00022668249492344733, 4.586607427628464e-05, -3.919794389844978e-05, -4.078673964111567e-09, 7.684798963147224e-10, -3.4419069432181373e-08, 4.586607427628464e-05, 0.0002818642029131862, 2.674069774576809e-05, -4.438703990334413e-09, -1.09984399441804e-08, -2.7652045521403214e-08, -3.919794389844978e-05, 2.674069774576809e-05, 0.000181688167270309, 1.865895074449492e-09, 8.303837868276317e-10, 3.278608032743577e-09, -4.078673964111567e-09, -4.438703990334413e-09, 1.865895074449492e-09, 1.9715079081220758e-09, 3.619881315185572e-12, 1.0916917739654236e-11, 7.684798963147224e-10, -1.09984399441804e-08, 8.303837868276317e-10, 3.619881315185572e-12, 1.952399022633119e-09, 2.1233837488988077e-12, -3.4419069432181373e-08, -2.7652045521403214e-08, 3.278608032743577e-09, 1.0916917739654236e-11, 2.1233837488988077e-12, 1.953752145427203e-09]"
1402416553610877871,,254667,,1402416553,535155057,/enu,/base_link,,,,6.68734086048,21.9465305087,-31.0674604519,,0.0273877646251,-0.0254648337618,0.779386686435,0.625426131208,"[0.025860564117298823, -0.004503529031969561, -0.004965840939199346, -2.354248446492452e-06, -5.743413514429471e-06, -4.713143450033942e-05, -0.004503529031969561, 0.03216985894049306, 0.0031032032300214968, -1.028975790827844e-06, 3.2856411551145233e-07, -6.546231881664472e-06, -0.004965840939199346, 0.0031032032300214968, 0.21712950792356617, 3.889895900566183e-06, -2.3343067521713404e-07, -2.7834675417689717e-06, -2.354248446492452e-06, -1.028975790827844e-06, 3.889895900566183e-06, 3.7369653159412133e-06, -2.0075243419528062e-07, 1.5963288588733699e-06, -5.743413514429471e-06, 3.2856411551145233e-07, -2.3343067521713404e-07, -2.0075243419528062e-07, 4.402066455960184e-06, 4.427891876820824e-06, -4.713143450033942e-05, -6.546231881664472e-06, -2.7834675417689717e-06, 1.5963288588733699e-06, 4.427891876820824e-06, 5.592181516806105e-05]",,,,0.959779451233,-0.265904904624,-0.0599445911476,,0.00460898542203,-0.0455782188492,0.773755818742,"[0.000201302032768897, 4.135192372038948e-05, -3.9007648876133734e-05, -3.4083218982297337e-09, 4.640319201322803e-10, -3.218645065960302e-08, 4.135192372038948e-05, 0.0002556798125948782, 2.8558422363001758e-05, -3.7747336819502236e-09, -1.0236085417708856e-08, -2.702026001832962e-08, -3.9007648876133734e-05, 2.8558422363001758e-05, 0.0001805840952026282, 1.7959913368587952e-09, 7.045638756303077e-10, 3.057700298767103e-09, -3.4083218982297337e-09, -3.7747336819502236e-09, 1.7959913368587952e-09, 1.9714697495313355e-09, 3.613043477601582e-12, 1.0851445280625287e-11, 4.640319201322803e-10, -1.0236085417708856e-08, 7.045638756303077e-10, 3.613043477601582e-12, 1.952354650403489e-09, 2.1334281328899523e-12, -3.218645065960302e-08, -2.702026001832962e-08, 3.057700298767103e-09, 1.0851445280625287e-11, 2.1334281328899523e-12, 1.953627558460337e-09]"
1402416553610907671,,254668,,1402416553,545048952,/enu,/base_link,,,,6.68773736651,21.9564508152,-31.0673949385,,0.0273462131146,-0.0255614366979,0.781788102133,0.622419601993,"[0.025861950255556897, -0.004502249379907188, -0.004967514800293061, -2.3805196014452862e-06, -5.559131508228552e-06, -4.6927608461384846e-05, -0.004502249379907188, 0.03217188018968687, 0.003099468733312509, -1.1919758292754834e-06, 3.1774467514973976e-07, -7.053967741858542e-06, -0.004967514800293061, 0.003099468733312509, 0.2171426152310771, 3.899918087207597e-06, -2.2924892281198413e-07, -2.75091267394629e-06, -2.3805196014452862e-06, -1.1919758292754834e-06, 3.899918087207597e-06, 3.7760738654888135e-06, -2.0077796281545317e-07, 1.5961710332333749e-06, -5.559131508228552e-06, 3.1774467514973976e-07, -2.2924892281198413e-07, -2.0077796281545317e-07, 4.4410463265599185e-06, 4.426798253295771e-06, -4.6927608461384846e-05, -7.053967741858542e-06, -2.75091267394629e-06, 1.5961710332333749e-06, 4.426798253295771e-06, 5.5955644935351044e-05]",,,,0.951435590622,-0.267175377074,-0.0571741821577,,0.00891644747607,-0.00802598053226,0.779388648364,"[0.0002054954495994569, 4.2038451858999293e-05, -3.880527521050606e-05, -3.4962872277906026e-09, 5.226906354743947e-10, -3.252014659468675e-08, 4.2038451858999293e-05, 0.00025971183624613043, 2.8718398726704623e-05, -3.905521991245789e-09, -1.0359030670154536e-08, -2.695612212174025e-08, -3.880527521050606e-05, 2.8718398726704623e-05, 0.00018095733522569256, 1.8033246800666566e-09, 7.128778976120882e-10, 3.0707529687306187e-09, -3.4962872277906026e-09, -3.905521991245789e-09, 1.8033246800666566e-09, 1.9714697374053893e-09, 3.613024533101253e-12, 1.0851323680086414e-11, 5.226906354743947e-10, -1.0359030670154536e-08, 7.128778976120882e-10, 3.613024533101253e-12, 1.9523545912904842e-09, 2.1331972213599746e-12, -3.252014659468675e-08, -2.695612212174025e-08, 3.0707529687306187e-09, 1.0851323680086414e-11, 2.1331972213599746e-12, 1.953626289284026e-09]"
1402416553611191470,,254669,,1402416553,556041955,/enu,/base_link,,,,6.6882981081,21.9673116828,-31.0672917616,,0.0272177355811,-0.0257291499963,0.784469306227,0.619035631687,"[0.025863551437083843, -0.004500818072712303, -0.0049693801335963135, -2.4097577093147507e-06, -5.348594689745705e-06, -4.668958492708767e-05, -0.004500818072712303, 0.032174165826120246, 0.00309529338465906, -1.377869773698277e-06, 3.055571540965506e-07, -7.624458096722848e-06, -0.0049693801335963135, 0.00309529338465906, 0.21715717558206898, 3.909954649334381e-06, -2.2437277828746422e-07, -2.714438766328063e-06, -2.4097577093147507e-06, -1.377869773698277e-06, 3.909954649334381e-06, 3.824367066689487e-06, -2.0080461390208845e-07, 1.596007253262562e-06, -5.348594689745705e-06, 3.055571540965506e-07, -2.2437277828746422e-07, -2.0080461390208845e-07, 4.489209831747347e-06, 4.425696983183554e-06, -4.668958492708767e-05, -7.624458096722848e-06, -2.714438766328063e-06, 1.596007253262562e-06, 4.425696983183554e-06, 5.599870941196682e-05]",,,,0.941234960347,-0.263381766883,-0.0542502524857,,-0.00875519509637,-0.00327672750304,0.787561776657,"[0.00021030999370025646, 4.282080780376549e-05, -3.857051571839572e-05, -3.5971087897015714e-09, 5.866304324254553e-10, -3.2894685440186916e-08, 4.282080780376549e-05, 0.00026430145168043756, 2.8915273343071797e-05, -4.051576343639473e-09, -1.0497600003296458e-08, -2.6878218400597755e-08, -3.857051571839572e-05, 2.8915273343071797e-05, 0.00018142596672908687, 1.810496316347998e-09, 7.197348633451557e-10, 3.0784594409356258e-09, -3.5971087897015714e-09, -4.051576343639473e-09, 1.810496316347998e-09, 1.9714697250601496e-09, 3.6130053177785516e-12, 1.0851201160266e-11, 5.866304324254553e-10, -1.0497600003296458e-08, 7.197348633451557e-10, 3.6130053177785516e-12, 1.9523545320293957e-09, 2.132966577901181e-12, -3.2894685440186916e-08, -2.6878218400597755e-08, 3.0784594409356258e-09, 1.0851201160266e-11, 2.132966577901181e-12, 1.9536250205634863e-09]"
1402416553611321320,,254670,,1402416553,566046953,/enu,/base_link,,,,6.68851158942,21.9770411246,-31.0672774445,,0.0273023033216,-0.0259086987151,0.786893007704,0.615940514977,"[0.02586503009957195, -0.004499486112410782, -0.004971042714461329, -2.436362515293972e-06, -5.152350154743721e-06, -4.646182857415932e-05, -0.004499486112410782, 0.032176307890285034, 0.003091448872857746, -1.5504892250279949e-06, 2.944573453628742e-07, -8.148280018371838e-06, -0.004971042714461329, 0.003091448872857746, 0.21717063245697096, 3.919147757395172e-06, -2.196200962855316e-07, -2.681250558439677e-06, -2.436362515293972e-06, -1.5504892250279949e-06, 3.919147757395172e-06, 3.864357319190405e-06, -2.0083040634017467e-07, 1.5958493327303112e-06, -5.152350154743721e-06, 2.944573453628742e-07, -2.196200962855316e-07, -2.0083040634017467e-07, 4.529069785337463e-06, 4.42458813390934e-06, -4.646182857415932e-05, -8.148280018371838e-06, -2.681250558439677e-06, 1.5958493327303112e-06, 4.42458813390934e-06, 5.603341637143997e-05]",,,,0.928798427316,-0.263070574506,-0.0612641162044,,0.0120089834579,-0.0383991166286,0.787230426817,"[0.00021471911848267155, 4.353960453461555e-05, -3.837844855562664e-05, -3.6905962914547045e-09, 6.451643826541192e-10, -3.3234660829876424e-08, 4.353960453461555e-05, 0.0002685241587073126, 2.9060309015167685e-05, -4.184977285081937e-09, -1.0625181451123808e-08, -2.6802262531922564e-08, -3.837844855562664e-05, 2.9060309015167685e-05, 0.00018182735609770595, 1.8190597948680005e-09, 7.276358317408965e-10, 3.1025918692941473e-09, -3.6905962914547045e-09, -4.184977285081937e-09, 1.8190597948680005e-09, 1.971469712389018e-09, 3.612985850895913e-12, 1.0851077122424772e-11, 6.451643826541192e-10, -1.0625181451123808e-08, 7.276358317408965e-10, 3.612985850895913e-12, 1.9523544725097702e-09, 2.1327361533528234e-12, -3.3234660829876424e-08, -2.6802262531922564e-08, 3.1025918692941473e-09, 1.0851077122424772e-11, 2.1327361533528234e-12, 1.9536237469934686e-09]"
1402416553650879736,,254671,,1402416553,576046943,/enu,/base_link,,,,6.68897192839,21.9867492704,-31.0672895255,,0.0272074001568,-0.0260424746775,0.789310281105,0.612838336783,"[0.025866484121824046, -0.004498106138398681, -0.004972808691710667, -2.4630446749984194e-06, -4.951390476803789e-06, -4.622565105888474e-05, -0.004498106138398681, 0.03217852232214407, 0.0030875136894651656, -1.7269551951612869e-06, 2.83209147260713e-07, -8.677816443253067e-06, -0.004972808691710667, 0.0030875136894651656, 0.21718417544513793, 3.9280412083010185e-06, -2.1450525671472934e-07, -2.6476592235435394e-06, -2.4630446749984194e-06, -1.7269551951612869e-06, 3.9280412083010185e-06, 3.904306118905146e-06, -2.0085626429536967e-07, 1.595691697192787e-06, -4.951390476803789e-06, 2.83209147260713e-07, -2.1450525671472934e-07, -2.0085626429536967e-07, 4.568887565846456e-06, 4.423472339742139e-06, -4.622565105888474e-05, -8.677816443253067e-06, -2.6476592235435394e-06, 1.595691697192787e-06, 4.423472339742139e-06, 5.606807719379557e-05]",,,,0.919816191463,-0.262203797731,-0.0598401231146,,-0.00290146508582,-0.00460210221392,0.788555793759,"[0.00021924133670360628, 4.426076592949366e-05, -3.8171597152656476e-05, -3.787024825743094e-09, 7.03333838625954e-10, -3.35765210839636e-08, 4.426076592949366e-05, 0.0002728046890284421, 2.923153394856292e-05, -4.319251668235045e-09, -1.0754330364917377e-08, -2.672214994023601e-08, -3.8171597152656476e-05, 2.923153394856292e-05, 0.00018220993837960762, 1.825819374253688e-09, 7.33685627526148e-10, 3.111631693567568e-09, -3.787024825743094e-09, -4.319251668235045e-09, 1.825819374253688e-09, 1.971469699466098e-09, 3.6129661558870096e-12, 1.085095148451291e-11, 7.03333838625954e-10, -1.0754330364917377e-08, 7.33685627526148e-10, 3.6129661558870096e-12, 1.952354412608313e-09, 2.1325059409584626e-12, -3.35765210839636e-08, -2.672214994023601e-08, 3.111631693567568e-09, 1.085095148451291e-11, 2.1325059409584626e-12, 1.953622475409929e-09]"
1402416553650909223,,254672,,1402416553,586039066,/enu,/base_link,,,,6.70400400801,22.0095327465,-31.0719362446,,0.0267176015467,-0.0245050261345,0.790937327769,0.61082224665,"[0.025854789333149667, -0.004502140681956019, -0.004969408196550949, -1.9850348222861505e-06, -5.758106518256245e-06, -4.633473375735655e-05, -0.004502140681956019, 0.03216853026273242, 0.003098906947368014, -1.1235962494360885e-06, 9.67949041238927e-08, -8.491448764088507e-06, -0.004969408196550949, 0.003098906947368014, 0.21713065897406317, 3.997569721493356e-06, -2.392959749705833e-08, -2.401693391153708e-06, -1.9850348222861505e-06, -1.1235962494360885e-06, 3.997569721493356e-06, 3.693542808883882e-06, -2.314448228137443e-07, 1.2850400487995963e-06, -5.758106518256245e-06, 9.67949041238927e-08, -2.392959749705833e-08, -2.314448228137443e-07, 4.323142436205458e-06, 4.1297415093209985e-06, -4.633473375735655e-05, -8.491448764088507e-06, -2.401693391153708e-06, 1.2850400487995963e-06, 4.1297415093209985e-06, 5.548768214620318e-05]",,,,0.934933446771,-0.283521974103,-0.0594966296762,,0.0250415625816,-0.0229350886312,0.786787400386,"[0.00020220261624582657, 4.372445346744078e-05, -3.861908619674228e-05, -3.1376554427326495e-09, 2.0689930489962446e-10, -3.2771728232214284e-08, 4.372445346744078e-05, 0.00025051063444618435, 2.9067326709501336e-05, -3.6832961762651722e-09, -1.0087734515834426e-08, -2.641571485996567e-08, -3.861908619674228e-05, 2.9067326709501336e-05, 0.00018090770777496787, 1.8495879809616549e-09, 7.755251331727378e-10, 3.163361539938495e-09, -3.1376554427326495e-09, -3.6832961762651722e-09, 1.8495879809616549e-09, 1.9714334866827982e-09, 3.605871766423571e-12, 1.078465137330935e-11, 2.0689930489962446e-10, -1.0087734515834426e-08, 7.755251331727378e-10, 3.605871766423571e-12, 1.9523109158954498e-09, 2.142104361326471e-12, -3.2771728232214284e-08, -2.641571485996567e-08, 3.163361539938495e-09, 1.078465137330935e-11, 2.142104361326471e-12, 1.9534877422233857e-09]"
1402416553650933251,,254673,,1402416553,596043109,/enu,/base_link,,,,6.70425092482,22.0191642765,-31.0716614919,,0.0266053290861,-0.0246087154509,0.793334626856,0.607706127515,"[0.02585610333132741, -0.0045008354738404616, -0.004971125456467771, -2.011575457078557e-06, -5.574933646876101e-06, -4.610297290602393e-05, -0.0045008354738404616, 0.03217067322998701, 0.00309498146205083, -1.2838577955008133e-06, 8.819785275317716e-08, -9.000550122855415e-06, -0.004971125456467771, 0.00309498146205083, 0.217144092619068, 4.006153677592016e-06, -1.8568931817514624e-08, -2.367799704605038e-06, -2.011575457078557e-06, -1.2838577955008133e-06, 4.006153677592016e-06, 3.733531454698747e-06, -2.3146279992609789e-07, 1.284921651556029e-06, -5.574933646876101e-06, 8.819785275317716e-08, -1.8568931817514624e-08, -2.3146279992609789e-07, 4.363013661771493e-06, 4.128698931777988e-06, -4.610297290602393e-05, -9.000550122855415e-06, -2.367799704605038e-06, 1.284921651556029e-06, 4.128698931777988e-06, 5.552255739528603e-05]",,,,0.926329648278,-0.282210714821,-0.0618669093911,,-0.00135545314271,0.00246789584279,0.78789187194,"[0.00020639586195974707, 4.435208986810636e-05, -3.8389740271972595e-05, -3.225110976009994e-09, 2.6640705372514477e-10, -3.309629831361857e-08, 4.435208986810636e-05, 0.00025442302743355184, 2.923063285462781e-05, -3.817958663642072e-09, -1.0207020626659922e-08, -2.632838801621533e-08, -3.8389740271972595e-05, 2.923063285462781e-05, 0.0001812850703524149, 1.8562109556730123e-09, 7.826660948489101e-10, 3.169286552923254e-09, -3.225110976009994e-09, -3.817958663642072e-09, 1.8562109556730123e-09, 1.9714334757887154e-09, 3.605853586990343e-12, 1.0784537911197797e-11, 2.6640705372514477e-10, -1.0207020626659922e-08, 7.826660948489101e-10, 3.605853586990343e-12, 1.9523108584150466e-09, 2.1418813172389275e-12, -3.309629831361857e-08, -2.632838801621533e-08, 3.169286552923254e-09, 1.0784537911197797e-11, 2.1418813172389275e-12, 1.9534865115574814e-09]"
1402416553650954719,,254674,,1402416553,606036901,/enu,/base_link,,,,6.704716933,22.0288988537,-31.0717882725,,0.0267300511099,-0.024596771315,0.795726343757,0.604566033664,"[0.025857396833950427, -0.004499578852227019, -0.0049727584102131, -2.038184832481259e-06, -5.387451936477829e-06, -4.586199258275392e-05, -0.004499578852227019, 0.032172808800371565, 0.0030911442787022007, -1.4474225173917137e-06, 7.9868740542967e-08, -9.50995098562637e-06, -0.0049727584102131, 0.0030911442787022007, 0.21715738201457466, 4.014381885388959e-06, -1.3266900388067293e-08, -2.334030595148374e-06, -2.038184832481259e-06, -1.4474225173917137e-06, 4.014381885388959e-06, 3.7734367658546486e-06, -2.3148079309799652e-07, 1.2848037103589597e-06, -5.387451936477829e-06, 7.9868740542967e-08, -1.3266900388067293e-08, -2.3148079309799652e-07, 4.402800894069806e-06, 4.127649592904467e-06, -4.586199258275392e-05, -9.50995098562637e-06, -2.334030595148374e-06, 1.2848037103589597e-06, 4.127649592904467e-06, 5.5557344375503046e-05]",,,,0.915009536242,-0.285935129546,-0.0601001583299,,0.0456952932824,-0.02116792527,0.78910679567,"[0.00021065211507278352, 4.497355146763201e-05, -3.818964277785959e-05, -3.3144176008503693e-09, 3.256627130864267e-10, -3.342089130075618e-08, 4.497355146763201e-05, 0.0002584250116188769, 2.9345999927784187e-05, -3.952180092483726e-09, -1.0327442543145869e-08, -2.6234781140814998e-08, -3.818964277785959e-05, 2.9345999927784187e-05, 0.00018165135578853778, 1.865359535774855e-09, 7.943196648337015e-10, 3.1954499806053036e-09, -3.3144176008503693e-09, -3.952180092483726e-09, 1.865359535774855e-09, 1.9714334645885994e-09, 3.6058351962235303e-12, 1.0784421348992249e-11, 3.256627130864267e-10, -1.0327442543145869e-08, 7.943196648337015e-10, 3.6058351962235303e-12, 1.9523108006729814e-09, 2.141658470116346e-12, -3.342089130075618e-08, -2.6234781140814998e-08, 3.1954499806053036e-09, 1.0784421348992249e-11, 2.141658470116346e-12, 1.953485278809958e-09]"
