rosbagTimestamp,header,seq,stamp,secs,nsecs,frame_id,child_frame_id,pose,pose,position,x,y,z,orientation,x,y,z,w,covariance,twist,twist,linear,x,y,z,angular,x,y,z,covariance
1402414567362723338,,15267,,1402414567,361673116,/enu,/imu,,,,5.74089311437,22.8449112585,-9.13458372587,,0.378208107205,-0.925065864173,-0.0342984665396,-0.00594893095666,"[0.01595510702623201, -0.004459940493304333, -0.009283875059444658, -8.129734358035458e-07, -3.936208607141837e-08, 0.00012309058096392664, -0.004459940493304333, 0.0174929763039601, 0.020386243018479813, 6.0198589068092e-07, -5.968025331256414e-07, -7.975193626420558e-05, -0.009283875059444658, 0.020386243018479813, 0.13394033437629346, -2.4578044311901425e-06, 2.7000319669431882e-06, 9.749977320620744e-07, -8.129734358035458e-07, 6.0198589068092e-07, -2.4578044311901425e-06, 4.365241010264927e-06, 2.630384721956013e-07, -8.592619747077724e-07, -3.936208607141837e-08, -5.968025331256414e-07, 2.7000319669431882e-06, 2.630384721956013e-07, 4.3781896155316995e-06, 9.443417084974017e-07, 0.00012309058096392664, -7.975193626420558e-05, 9.749977320620744e-07, -8.592619747077724e-07, 9.443417084974017e-07, 0.00013743544429167004]",,,,0.118921356096,-1.05389193292,-0.242895274994,,-0.0211973667817,-0.0124503827434,0.0521783472795,"[0.0003164083937803408, 1.6273124847551634e-05, 1.2881007848010027e-05, -5.528748211705361e-08, -8.360325689916102e-08, -1.0387228993716034e-06, 1.6273124847551634e-05, 0.0002518692803707871, 7.756940756779726e-06, 1.3192516854851306e-07, 1.6952967536996302e-08, -1.2400977293353325e-07, 1.2881007848010027e-05, 7.756940756779726e-06, 0.0002025201522655413, 3.78541319043508e-08, -1.5870087394412098e-08, 2.7983140501989012e-08, -5.528748211705361e-08, 1.3192516854851306e-07, 3.78541319043508e-08, 2.6232611085568326e-08, -1.1125217324997026e-11, 5.0577293120339e-10, -8.360325689916102e-08, 1.6952967536996302e-08, -1.5870087394412098e-08, -1.1125217324997026e-11, 2.619477998772652e-08, -2.747545929218184e-10, -1.0387228993716034e-06, -1.2400977293353325e-07, 2.7983140501989012e-08, 5.0577293120339e-10, -2.747545929218184e-10, 3.7725591747292166e-08]"
1402414567373596646,,15268,,1402414567,372675895,/enu,/imu,,,,5.74828827296,22.8357848469,-9.13304623259,,0.377950289725,-0.925173731206,-0.0342010633338,-0.00611823917642,"[0.015957338779049857, -0.004460466721089747, -0.009283786769504228, -7.822659012773625e-07, 1.879312065213887e-07, 0.00012309985889237012, -0.004460466721089747, 0.01749572099015866, 0.020389276441482026, 3.704745734537329e-07, -6.255940631728758e-07, -7.967847793672263e-05, -0.009283786769504228, 0.020389276441482026, 0.13396257171753156, -2.4896711934299705e-06, 2.724930503259459e-06, 9.740933816379197e-07, -7.822659012773625e-07, 3.704745734537329e-07, -2.4896711934299705e-06, 4.414166157135816e-06, 2.630759102768771e-07, -8.587111046765865e-07, 1.879312065213887e-07, -6.255940631728758e-07, 2.724930503259459e-06, 2.630759102768771e-07, 4.427120788394222e-06, 9.426993316497412e-07, 0.00012309985889237012, -7.967847793672263e-05, 9.740933816379197e-07, -8.587111046765865e-07, 9.426993316497412e-07, 0.0001374776586995718]",,,,0.113220548266,-1.05261020585,-0.230025961214,,0.0289459123462,-0.023384702632,0.050742431616,"[0.0003203922546914897, 1.6253715850107102e-05, 1.2695466524038227e-05, -5.496635431450479e-08, -8.63483445617197e-08, -1.038090482450625e-06, 1.6253715850107102e-05, 0.0002571417260150879, 8.489876508189796e-06, 1.3504688790016594e-07, 1.7167386004325038e-08, -1.2356401166338431e-07, 1.2695466524038227e-05, 8.489876508189796e-06, 0.00020308034147387038, 3.8304975402969836e-08, -1.5706492895332784e-08, 2.8240589307308178e-08, -5.496635431450479e-08, 1.3504688790016594e-07, 3.8304975402969836e-08, 2.6232594830513618e-08, -1.1119247842751272e-11, 5.056291205755094e-10, -8.63483445617197e-08, 1.7167386004325038e-08, -1.5706492895332784e-08, -1.1119247842751272e-11, 2.6194773538328932e-08, -2.7466905777520385e-10, -1.038090482450625e-06, -1.2356401166338431e-07, 2.8240589307308178e-08, 5.056291205755094e-10, -2.7466905777520385e-10, 3.7724067919943524e-08]"
1402414567383565691,,15269,,1402414567,382658958,/enu,/imu,,,,5.75473723923,22.8271878179,-9.13120979169,,0.37771621015,-0.925266173319,-0.0343537872413,-0.00572629061282,"[0.01595932231751811, -0.004461011925509051, -0.00928356999032939, -7.541203703516234e-07, 3.982220662499239e-07, 0.00012310663742526608, -0.004461011925509051, 0.017498179939909222, 0.02039211620416872, 1.5617527752863925e-07, -6.518362156980145e-07, -7.960466828623236e-05, -0.00928356999032939, 0.02039211620416872, 0.13398265924928587, -2.5185749303325505e-06, 2.7473765140532694e-06, 9.730319398480273e-07, -7.541203703516234e-07, 1.5617527752863925e-07, -2.5185749303325505e-06, 4.454478215963321e-06, 2.631095218607736e-07, -8.581839747851271e-07, 3.982220662499239e-07, -6.518362156980145e-07, 2.7473765140532694e-06, 2.631095218607736e-07, 4.467439459344688e-06, 9.410389518363818e-07, 0.00012310663742526608, -7.960466828623236e-05, 9.730319398480273e-07, -8.581839747851271e-07, 9.410389518363818e-07, 0.00013750924200495843]",,,,0.113392190982,-1.05962780176,-0.228532384389,,-0.05709289861,0.0594511276852,0.054497561914,"[0.00032402600703685427, 1.621741626032617e-05, 1.2636767682488585e-05, -5.4697128100121476e-08, -8.885458728363279e-08, -1.0375327939085986e-06, 1.621741626032617e-05, 0.00026196332560994643, 9.226966918776501e-06, 1.3787624766613356e-07, 1.7381128791339237e-08, -1.2314837562023212e-07, 1.2636767682488585e-05, 9.226966918776501e-06, 0.00020358499049004522, 3.8788647624886944e-08, -1.5614510413587627e-08, 2.750849323770674e-08, -5.4697128100121476e-08, 1.3787624766613356e-07, 3.8788647624886944e-08, 2.623257843894369e-08, -1.1113243340743593e-11, 5.054848569458118e-10, -8.885458728363279e-08, 1.7381128791339237e-08, -1.5614510413587627e-08, -1.1113243340743593e-11, 2.61947669902467e-08, -2.745829392593059e-10, -1.0375327939085986e-06, -1.2314837562023212e-07, 2.750849323770674e-08, 5.054848569458118e-10, -2.745829392593059e-10, 3.772254364962033e-08]"
1402414567393588488,,15270,,1402414567,392648935,/enu,/imu,,,,5.76190352164,22.7916054972,-9.22179413532,,0.376656948302,-0.925644505728,-0.0355751232847,-0.0067972725179,"[0.015952146623051017, -0.004459858125407579, -0.00928283007608469, -7.765605000616079e-07, -6.091824680375225e-07, 0.00012272024006854893, -0.004459858125407579, 0.01749098766281368, 0.02038300936284248, 1.2052489625644916e-06, -4.831567807108402e-07, -8.020984942847763e-05, -0.00928283007608469, 0.02038300936284248, 0.13391755580828127, -2.3093659774689657e-06, 2.5448280307257107e-06, 7.773125267870153e-07, -7.765605000616079e-07, 1.2052489625644916e-06, -2.3093659774689657e-06, 4.240081485576772e-06, 2.650218768272583e-07, -7.063185693656773e-07, -6.091824680375225e-07, -4.831567807108402e-07, 2.5448280307257107e-06, 2.650218768272583e-07, 4.269049210770627e-06, 8.543764770304461e-07, 0.00012272024006854893, -8.020984942847763e-05, 7.773125267870153e-07, -7.063185693656773e-07, 8.543764770304461e-07, 0.0001374215158081728]",,,,0.134382739858,-1.08394510959,-0.227431465381,,0.0283844991871,-0.0754200958693,0.0568299449866,"[0.0003144225259045459, 2.0603094364754484e-05, 1.2527065185160906e-05, -5.702379023135547e-08, -7.709278662525142e-08, -1.0689173948937644e-06, 2.0603094364754484e-05, 0.00023913972447355838, 5.99663009142082e-06, 1.2335914427850184e-07, 1.5635003858435842e-08, -1.3852223544715733e-07, 1.2527065185160906e-05, 5.99663009142082e-06, 0.00020087563685146646, 3.756040653050543e-08, -1.565494613753841e-08, 3.0961377483393484e-08, -5.702379023135547e-08, 1.2335914427850184e-07, 3.756040653050543e-08, 2.6223042088249828e-08, -1.1077200511181756e-11, 5.069191372696015e-10, -7.709278662525142e-08, 1.5635003858435842e-08, -1.565494613753841e-08, -1.1077200511181756e-11, 2.618443650898501e-08, -2.663975439536643e-10, -1.0689173948937644e-06, -1.3852223544715733e-07, 3.0961377483393484e-08, 5.069191372696015e-10, -2.663975439536643e-10, 3.771437988060589e-08]"
1402414567404603645,,15271,,1402414567,403695106,/enu,/imu,,,,5.76912696454,22.7818152612,-9.22012568716,,0.376399226948,-0.925743536298,-0.0357117508412,-0.00687006602166,"[0.01595424060616666, -0.004460428031092058, -0.009282654838971118, -7.466351992986242e-07, -3.929223827119493e-07, 0.00012274266964058908, -0.004460428031092058, 0.017493544638858213, 0.020386061556069854, 9.874193276491711e-07, -5.115313930618911e-07, -8.013884395324455e-05, -0.009282654838971118, 0.020386061556069854, 0.13393960613978703, -2.341825164621845e-06, 2.569380045543843e-06, 7.765767963185382e-07, -7.466351992986242e-07, 9.874193276491711e-07, -2.341825164621845e-06, 4.289381436729272e-06, 2.6505780429584864e-07, -7.057877611062842e-07, -3.929223827119493e-07, -5.115313930618911e-07, 2.569380045543843e-06, 2.6505780429584864e-07, 4.3183562444726386e-06, 8.527399024924383e-07, 0.00012274266964058908, -8.013884395324455e-05, 7.765767963185382e-07, -7.057877611062842e-07, 8.527399024924383e-07, 0.00013746426899033463]",,,,0.140233168636,-1.09275613426,-0.244282129956,,-0.0170095350596,-0.0231782957724,0.0507552250772,"[0.0003182275880434222, 2.0597742545112674e-05, 1.2344321676458615e-05, -5.671278077919381e-08, -7.975972405308108e-08, -1.068440605694448e-06, 2.0597742545112674e-05, 0.0002441566413734711, 6.743477092362547e-06, 1.263941111755635e-07, 1.5841057814581405e-08, -1.380414878164237e-07, 1.2344321676458615e-05, 6.743477092362547e-06, 0.00020145497084842596, 3.809246020994048e-08, -1.5473323236550682e-08, 3.1164860257775283e-08, -5.671278077919381e-08, 1.263941111755635e-07, 3.809246020994048e-08, 2.6223026161696466e-08, -1.107144111688959e-11, 5.067765978641128e-10, -7.975972405308108e-08, 1.5841057814581405e-08, -1.5473323236550682e-08, -1.107144111688959e-11, 2.6184430491295557e-08, -2.663150702558563e-10, -1.068440605694448e-06, -1.380414878164237e-07, 3.1164860257775283e-08, 5.067765978641128e-10, -2.663150702558563e-10, 3.77128610952877e-08]"
1402414567416223483,,15272,,1402414567,415102005,/enu,/imu,,,,5.77674567162,22.7715027896,-9.21800322289,,0.376123726272,-0.925858054051,-0.0356159261416,-0.00702225672131,"[0.015956456211946763, -0.00446099037696315, -0.009282509039485028, -7.154313712368362e-07, -1.640350271816607e-07, 0.00012277435127103095, -0.00446099037696315, 0.0174962228430494, 0.020389215823131468, 7.570093012758672e-07, -5.41174226554378e-07, -8.006199058906911e-05, -0.009282509039485028, 0.020389215823131468, 0.1339625147063729, -2.3755524406829716e-06, 2.594644912193531e-06, 7.758381402613682e-07, -7.154313712368362e-07, 7.570093012758672e-07, -2.3755524406829716e-06, 4.341944937436907e-06, 2.650949531455036e-07, -7.05246762621877e-07, -1.640350271816607e-07, -5.41174226554378e-07, 2.594644912193531e-06, 2.650949531455036e-07, 4.370927172249888e-06, 8.510835387076179e-07, 0.00012277435127103095, -8.006199058906911e-05, 7.758381402613682e-07, -7.05246762621877e-07, 8.510835387076179e-07, 0.0001375109786731594]",,,,0.136017701585,-1.09292597952,-0.231771717308,,0.0266173266651,-0.0200857496335,0.0523013989518,"[0.00032227159770339194, 2.059988043879883e-05, 1.2144214502982042e-05, -5.6387684915237893e-08, -8.25480719314408e-08, -1.0679630738887095e-06, 2.059988043879883e-05, 0.00024946717893375525, 7.506587389713972e-06, 1.2958355098500115e-07, 1.605081474159495e-08, -1.3751296214503636e-07, 1.2144214502982042e-05, 7.506587389713972e-06, 0.0002020655049950286, 3.857853764107954e-08, -1.5295105369070165e-08, 3.140600584277854e-08, -5.6387684915237893e-08, 1.2958355098500115e-07, 3.857853764107954e-08, 2.6223010099456874e-08, -1.1065646261965522e-11, 5.066336039516453e-10, -8.25480719314408e-08, 1.605081474159495e-08, -1.5295105369070165e-08, -1.1065646261965522e-11, 2.61844243782645e-08, -2.6623201080773285e-10, -1.0679630738887095e-06, -1.3751296214503636e-07, 3.140600584277854e-08, 5.066336039516453e-10, -2.6623201080773285e-10, 3.771134186592921e-08]"
1402414567425368816,,15273,,1402414567,423655986,/enu,/imu,,,,5.7825338017,22.7639243007,-9.21675436752,,0.375923519252,-0.925934595035,-0.0357989452407,-0.00671333829253,"[0.015958147216005494, -0.004461423210403833, -0.009282360632134478, -6.917742746862862e-07, 1.0753391084648277e-08, 0.00012279433793195089, -0.004461423210403833, 0.01749825660859281, 0.020391574214772418, 5.806935430275132e-07, -5.633532540593698e-07, -7.99967286178309e-05, -0.009282360632134478, 0.020391574214772418, 0.13397973825597828, -2.400883967511026e-06, 2.6134948719094086e-06, 7.749206478486961e-07, -6.917742746862862e-07, 5.806935430275132e-07, -2.400883967511026e-06, 4.371576761496491e-06, 2.651214637084476e-07, -7.047846758340215e-07, 1.0753391084648277e-08, -5.633532540593698e-07, 2.6134948719094086e-06, 2.651214637084476e-07, 4.400567005141074e-06, 8.494188650106237e-07, 0.00012279433793195089, -7.99967286178309e-05, 7.749206478486961e-07, -7.047846758340215e-07, 8.494188650106237e-07, 0.00013752913581591147]",,,,0.138146787365,-1.09900403862,-0.237313161605,,-0.0658274554041,0.0490545582288,0.0545102533659,"[0.0003252504738427718, 2.058697447302685e-05, 1.207990497782339e-05, -5.6157712114922174e-08, -8.465566072769768e-08, -1.0675835080900884e-06, 2.058697447302685e-05, 0.0002534206211475585, 8.140869933632851e-06, 1.3196850043029522e-07, 1.622319868704624e-08, -1.371273241318764e-07, 1.207990497782339e-05, 8.140869933632851e-06, 0.00020245159910385914, 3.9015224861794185e-08, -1.5196560956192776e-08, 3.084274319060706e-08, -5.6157712114922174e-08, 1.3196850043029522e-07, 3.9015224861794185e-08, 2.6222993896668906e-08, -1.1059814989440957e-11, 5.064901386299157e-10, -8.465566072769768e-08, 1.622319868704624e-08, -1.5196560956192776e-08, -1.1059814989440957e-11, 2.6184418165733112e-08, -2.661483448404132e-10, -1.0675835080900884e-06, -1.371273241318764e-07, 3.084274319060706e-08, 5.064901386299157e-10, -2.661483448404132e-10, 3.7709822158020416e-08]"
1402414567462836516,,15274,,1402414567,433670043,/enu,/imu,,,,5.81941660912,22.6770174552,-9.56243559579,,0.375391015893,-0.926023405009,-0.0391414928817,-0.00549382361203,"[0.015951151917011276, -0.004460276187505448, -0.009281619934184769, -7.081203652416895e-07, -9.530087565483905e-07, 0.00012230780163730856, -0.004460276187505448, 0.017491584361061442, 0.02038271037902773, 1.5270490130746225e-06, -3.814578326053007e-07, -8.054356775406295e-05, -0.009281619934184769, 0.02038271037902773, 0.1339153471201838, -2.2076861002078365e-06, 2.4354161838732693e-06, 5.665996405236641e-07, -7.081203652416895e-07, 1.5270490130746225e-06, -2.2076861002078365e-06, 4.175954218544298e-06, 2.657593254714527e-07, -5.567933880541333e-07, -9.530087565483905e-07, -3.814578326053007e-07, 2.4354161838732693e-06, 2.657593254714527e-07, 4.214555428155952e-06, 7.41154022021478e-07, 0.00012230780163730856, -8.054356775406295e-05, 5.665996405236641e-07, -5.567933880541333e-07, 7.41154022021478e-07, 0.00013741927733470024]",,,,0.139945118396,-1.19212276198,-0.194625267241,,0.0189503240941,-0.0800595046056,0.0526375022137,"[0.00033877546022446415, 2.3100035566576654e-05, 1.1755704056921426e-05, -6.265008104713615e-08, -7.385923776355216e-08, -1.163358983161741e-06, 2.3100035566576654e-05, 0.00023332528847437966, 7.008863660986879e-06, 1.2073503742307404e-07, 1.4403917953323133e-08, -1.334093365814564e-07, 1.1755704056921426e-05, 7.008863660986879e-06, 0.00020074026749080046, 4.0597027396477046e-08, -1.5815980264920322e-08, 3.459287970244524e-08, -6.265008104713615e-08, 1.2073503742307404e-07, 4.0597027396477046e-08, 2.6213893734105444e-08, -1.0849803461148047e-11, 5.069818395286173e-10, -7.385923776355216e-08, 1.4403917953323133e-08, -1.5815980264920322e-08, -1.0849803461148047e-11, 2.617476010486773e-08, -2.5746779969033296e-10, -1.163358983161741e-06, -1.334093365814564e-07, 3.459287970244524e-08, 5.069818395286173e-10, -2.5746779969033296e-10, 3.7700553387598684e-08]"
1402414567462866874,,15275,,1402414567,443638086,/enu,/imu,,,,5.82674790557,22.6674398503,-9.56162048031,,0.375156222941,-0.926119988298,-0.0391593589064,-0.00511079980822,"[0.01595297778691542, -0.004460742742670824, -0.009281440659160587, -6.815632311865619e-07, -7.640131356610255e-07, 0.00012233756242462942, -0.004460742742670824, 0.017493776882632737, 0.020385429741455335, 1.338139769412037e-06, -4.066254980247201e-07, -8.047410002159995e-05, -0.009281440659160587, 0.020385429741455335, 0.13393521339101183, -2.2374247849008137e-06, 2.457039297516087e-06, 5.66023848952647e-07, -6.815632311865619e-07, 1.338139769412037e-06, -2.2374247849008137e-06, 4.2161288003876815e-06, 2.657897825570702e-07, -5.562565672906332e-07, -7.640131356610255e-07, -4.066254980247201e-07, 2.457039297516087e-06, 2.657897825570702e-07, 4.2547391586808375e-06, 7.394942094202855e-07, 0.00012233756242462942, -8.047410002159995e-05, 5.66023848952647e-07, -5.562565672906332e-07, 7.394942094202855e-07, 0.00013745086521134195]",,,,0.136764517927,-1.19464686701,-0.179867283306,,-0.0311929629153,0.0679405049006,0.0550672667082,"[0.00034210176334441343, 2.308763165349102e-05, 1.1722367455063682e-05, -6.240889039938544e-08, -7.622870478709998e-08, -1.163102832907677e-06, 2.308763165349102e-05, 0.0002377056868532657, 7.765322629605074e-06, 1.234523261506353e-07, 1.458240303137055e-08, -1.328640137117722e-07, 1.1722367455063682e-05, 7.765322629605074e-06, 0.00020126676339008129, 4.108404313548943e-08, -1.5722010289695614e-08, 3.372815861846943e-08, -6.240889039938544e-08, 1.234523261506353e-07, 4.108404313548943e-08, 2.6213878011855496e-08, -1.0844238436081347e-11, 5.068403235760615e-10, -7.622870478709998e-08, 1.458240303137055e-08, -1.5722010289695614e-08, -1.0844238436081347e-11, 2.61747543994106e-08, -2.5738782184545306e-10, -1.163102832907677e-06, -1.328640137117722e-07, 3.372815861846943e-08, 5.068403235760615e-10, -2.5738782184545306e-10, 3.7699040529569735e-08]"
1402414567462890670,,15276,,1402414567,454659938,/enu,/imu,,,,5.83486835813,22.6566906533,-9.56034659128,,0.374914810832,-0.926209867324,-0.0393310471087,-0.00521871865914,"[0.015955073588555115, -0.004461290222187658, -0.009281305852250555, -6.519295827244067e-07, -5.499896712220692e-07, 0.00012238196392555875, -0.004461290222187658, 0.01749625702085685, 0.020388434089964998, 1.124417126244875e-06, -4.3481507309007464e-07, -8.039290313968458e-05, -0.009281305852250555, 0.020388434089964998, 0.13395721737002803, -2.2705620832323688e-06, 2.480779556166584e-06, 5.65574001782823e-07, -6.519295827244067e-07, 1.124417126244875e-06, -2.2705620832323688e-06, 4.265210978437307e-06, 2.65824084386263e-07, -5.556763566455696e-07, -5.499896712220692e-07, -4.3481507309007464e-07, 2.480779556166584e-06, 2.65824084386263e-07, 4.303830895265943e-06, 7.378086388281273e-07, 0.00012238196392555875, -8.039290313968458e-05, 5.65574001782823e-07, -5.556763566455696e-07, 7.378086388281273e-07, 0.00013749341794245997]",,,,0.140885956305,-1.20482299027,-0.198478381006,,-0.020700427324,-0.0315729202915,0.0470045023213,"[0.00034594197278243224, 2.3096385963513774e-05, 1.1525638662285592e-05, -6.210697448668778e-08, -7.888856613881288e-08, -1.1627998302464855e-06, 2.3096385963513774e-05, 0.00024269395692291264, 8.585506870652245e-06, 1.2647844563672465e-07, 1.4774236045585599e-08, -1.3236237673956304e-07, 1.1525638662285592e-05, 8.585506870652245e-06, 0.00020187348626199273, 4.1683449736653064e-08, -1.5534683152742356e-08, 3.406526600439566e-08, -6.210697448668778e-08, 1.2647844563672465e-07, 4.1683449736653064e-08, 2.6213862168923977e-08, -1.0838641672481363e-11, 5.066984048915414e-10, -7.888856613881288e-08, 1.4774236045585599e-08, -1.5534683152742356e-08, -1.0838641672481363e-11, 2.6174748609617123e-08, -2.57307317384651e-10, -1.1627998302464855e-06, -1.3236237673956304e-07, 3.406526600439566e-08, 5.066984048915414e-10, -2.57307317384651e-10, 3.769752734651046e-08]"
1402414567502832132,,15277,,1402414567,464636087,/enu,/imu,,,,5.84228642632,22.6471114003,-9.55957243724,,0.374673535466,-0.926309749233,-0.0392718489488,-0.00526423570868,"[0.0159570172837331, -0.004461792018457043, -0.009281164785576793, -6.248373916858197e-07, -3.5201733794779427e-07, 0.00012242583559078434, -0.004461792018457043, 0.017498529837531647, 0.02039121825227812, 9.266047760682128e-07, -4.6047831801775396e-07, -8.031219587671536e-05, -0.009281164785576793, 0.02039121825227812, 0.13397704057336007, -2.300716298491751e-06, 2.502110275816192e-06, 5.650049458038149e-07, -6.248373916858197e-07, 9.266047760682128e-07, -2.300716298491751e-06, 4.305457422480289e-06, 2.6585436935815394e-07, -5.551338351931105e-07, -3.5201733794779427e-07, -4.6047831801775396e-07, 2.502110275816192e-06, 2.6585436935815394e-07, 4.3440872520323604e-06, 7.36115479857768e-07, 0.00012242583559078434, -8.031219587671536e-05, 5.650049458038149e-07, -5.551338351931105e-07, 7.36115479857768e-07, 0.00013752506612794532]",,,,0.135712159042,-1.20568248098,-0.179506803078,,0.0154159873869,-0.00594903081859,0.0530790391882,"[0.00034944803568260876, 2.3101998054667257e-05, 1.1372529782295884e-05, -6.183223880087126e-08, -8.132484906331644e-08, -1.1625277497242088e-06, 2.3101998054667257e-05, 0.000247263040446642, 9.332647542414117e-06, 1.2926839697944262e-07, 1.4949189815226206e-08, -1.3182969795510297e-07, 1.1372529782295884e-05, 9.332647542414117e-06, 0.00020238029230701588, 4.216661651239441e-08, -1.5389879451829733e-08, 3.411883591267191e-08, -6.183223880087126e-08, 1.2926839697944262e-07, 4.216661651239441e-08, 2.621384619139849e-08, -1.0833009655433113e-11, 5.065560346814575e-10, -8.132484906331644e-08, 1.4949189815226206e-08, -1.5389879451829733e-08, -1.0833009655433113e-11, 2.6174742725578486e-08, -2.57226226617199e-10, -1.1625277497242088e-06, -1.3182969795510297e-07, 3.411883591267191e-08, 5.065560346814575e-10, -2.57226226617199e-10, 3.769601373323576e-08]"
1402414567502856867,,15278,,1402414567,474617958,/enu,/imu,,,,5.84966175932,22.6372713546,-9.55849824379,,0.374422652837,-0.926408561361,-0.0392868464985,-0.00560340716165,"[0.015959024458304893, -0.0044622625373251686, -0.009281030214029753, -5.974862942239107e-07, -1.4988377881151332e-07, 0.00012247099099359194, -0.0044622625373251686, 0.017500822789660888, 0.020393973634044903, 7.246410973946717e-07, -4.8637416433625e-07, -8.022655208048265e-05, -0.009281030214029753, 0.020393973634044903, 0.13399700164542885, -2.3309072835869005e-06, 2.523330415172428e-06, 5.642926446478223e-07, -5.974862942239107e-07, 7.246410973946717e-07, -2.3309072835869005e-06, 4.345753191403938e-06, 2.658845524593185e-07, -5.5459330341832e-07, -1.4988377881151332e-07, -4.8637416433625e-07, 2.523330415172428e-06, 2.658845524593185e-07, 4.384393241144718e-06, 7.34407279221107e-07, 0.00012247099099359194, -8.022655208048265e-05, 5.642926446478223e-07, -5.5459330341832e-07, 7.34407279221107e-07, 0.00013755676349121285]",,,,0.135961330533,-1.21066480667,-0.190022011997,,0.0235891258794,-0.0660326059016,0.0517536322599,"[0.0003530461229314908, 2.3117672733520054e-05, 1.112427350700609e-05, -6.152948516322562e-08, -8.379425064915942e-08, -1.1622361760781327e-06, 2.3117672733520054e-05, 0.0002519229395426257, 1.0071289680368159e-05, 1.320854335804659e-07, 1.512513514138736e-08, -1.3130350321047532e-07, 1.112427350700609e-05, 1.0071289680368159e-05, 0.00020287381485282511, 4.267815031729939e-08, -1.5194607279259882e-08, 3.48805774104688e-08, -6.152948516322562e-08, 1.320854335804659e-07, 4.267815031729939e-08, 2.6213830091937235e-08, -1.0827346091455018e-11, 5.064132620495389e-10, -8.379425064915942e-08, 1.512513514138736e-08, -1.5194607279259882e-08, -1.0827346091455018e-11, 2.6174736756267467e-08, -2.5714460868221636e-10, -1.1622361760781327e-06, -1.3130350321047532e-07, 3.48805774104688e-08, 5.064132620495389e-10, -2.5714460868221636e-10, 3.7694499796750865e-08]"
1402414567502888430,,15279,,1402414567,485634088,/enu,/imu,,,,5.84243454424,22.6240783068,-9.63763483003,,0.373793194828,-0.926706732463,-0.038105829024,-0.00642069337482,"[0.01595206419767925, -0.0044612114299348166, -0.009280167119132009, -5.81627853064251e-07, -1.1268874857693268e-06, 0.00012181811971358238, -0.0044612114299348166, 0.01749477400509233, 0.020385537996107986, 1.6119895344856765e-06, -2.841627044893963e-07, -8.081468124035643e-05, -0.009280167119132009, 0.020385537996107986, 0.13393498487956362, -2.138962554056767e-06, 2.358136104427928e-06, 3.1198603769908874e-07, -5.81627853064251e-07, 1.6119895344856765e-06, -2.138962554056767e-06, 4.155521349789011e-06, 2.670377360792476e-07, -3.7683671022813293e-07, -1.1268874857693268e-06, -2.841627044893963e-07, 2.358136104427928e-06, 2.670377360792476e-07, 4.1998405917088145e-06, 5.922369493383447e-07, 0.00012181811971358238, -8.081468124035643e-05, 3.1198603769908874e-07, -3.7683671022813293e-07, 5.922369493383447e-07, 0.0001373845059670687]",,,,0.147816723308,-1.18350238607,-0.155611943267,,-0.0362523139523,0.0732350404095,0.054631478391,"[0.00033020007760330866, 2.504363459978904e-05, 1.1654377919012137e-05, -6.096010776132907e-08, -7.47980505596685e-08, -1.14198805525099e-06, 2.504363459978904e-05, 0.00023125243917473815, 5.700269775197647e-06, 1.192400563563962e-07, 1.3496341912191827e-08, -1.4110283159268696e-07, 1.1654377919012137e-05, 5.700269775197647e-06, 0.00019957696127538793, 3.916352390317408e-08, -1.5671454134149704e-08, 3.4888260654605847e-08, -6.096010776132907e-08, 1.192400563563962e-07, 3.916352390317408e-08, 2.6204497023104942e-08, -1.0410470307467791e-11, 5.064362874612939e-10, -7.47980505596685e-08, 1.3496341912191827e-08, -1.5671454134149704e-08, -1.0410470307467791e-11, 2.6164809219307092e-08, -2.463716580461637e-10, -1.14198805525099e-06, -1.4110283159268696e-07, 3.4888260654605847e-08, 5.064362874612939e-10, -2.463716580461637e-10, 3.7681401714665544e-08]"
1402414567502923182,,15280,,1402414567,495620012,/enu,/imu,,,,5.84951302477,22.6144042259,-9.63677324519,,0.373557828672,-0.926795296499,-0.0382312815512,-0.00658757436211,"[0.015953890063911815, -0.004461680188415746, -0.00928001145848262, -5.552951047404814e-07, -9.394730969709222e-07, 0.00012186278024232731, -0.004461680188415746, 0.017496943843135836, 0.0203882514094234, 1.4260584488389127e-06, -3.093151693786828e-07, -8.073615335995652e-05, -0.00928001145848262, 0.0203882514094234, 0.1339547358345397, -2.1693282673058355e-06, 2.379125712266019e-06, 3.1140622458810156e-07, -5.552951047404814e-07, 1.4260584488389127e-06, -2.1693282673058355e-06, 4.195839126788768e-06, 2.670653639753602e-07, -3.763461824725764e-07, -9.394730969709222e-07, -3.093151693786828e-07, 2.379125712266019e-06, 2.670653639753602e-07, 4.240170143570428e-06, 5.906011100122018e-07, 0.00012186278024232731, -8.073615335995652e-05, 3.1140622458810156e-07, -3.763461824725764e-07, 5.906011100122018e-07, 0.00013741638762736094]",,,,0.150810142251,-1.19064092965,-0.173112624514,,-0.0098553016622,-0.0421828626016,0.0503239307798,"[0.00033358107380372876, 2.5066465404928755e-05, 1.1456755070756943e-05, -6.069250574200098e-08, -7.717393998784442e-08, -1.1418703053824957e-06, 2.5066465404928755e-05, 0.0002356130553280249, 6.39635308079169e-06, 1.219583842991974e-07, 1.3661056553252537e-08, -1.4060133894238393e-07, 1.1456755070756943e-05, 6.39635308079169e-06, 0.0002000704072203097, 3.968433176569362e-08, -1.5492154430263164e-08, 3.532771457491552e-08, -6.069250574200098e-08, 1.219583842991974e-07, 3.968433176569362e-08, 2.620448141131836e-08, -1.0405120118036502e-11, 5.062956644272953e-10, -7.717393998784442e-08, 1.3661056553252537e-08, -1.5492154430263164e-08, -1.0405120118036502e-11, 2.6164803783439384e-08, -2.462941949444981e-10, -1.1418703053824957e-06, -1.4060133894238393e-07, 3.532771457491552e-08, 5.062956644272953e-10, -2.462941949444981e-10, 3.767989724246308e-08]"
1402414567542834884,,15281,,1402414567,505594015,/enu,/imu,,,,5.85662388307,22.6047644162,-9.63609950422,,0.373310312015,-0.926897863986,-0.038163752906,-0.00657941073017,"[0.015955795290592212, -0.0044621652070549024, -0.009279905145014046, -5.287444479466961e-07, -7.482287644181245e-07, 0.00012191125095958924, -0.0044621652070549024, 0.01749909738719636, 0.020390988503515874, 1.2363235467388321e-06, -3.3467130458608225e-07, -8.06537993499023e-05, -0.009279905145014046, 0.020390988503515874, 0.13397454667438258, -2.1997536554575734e-06, 2.39999358860686e-06, 3.106401049317528e-07, -5.287444479466961e-07, 1.2363235467388321e-06, -2.1997536554575734e-06, 4.236064452215012e-06, 2.670928248044351e-07, -3.7585590813708096e-07, -7.482287644181245e-07, -3.3467130458608225e-07, 2.39999358860686e-06, 2.670928248044351e-07, 4.28040758950386e-06, 5.889503434164575e-07, 0.00012191125095958924, -8.06537993499023e-05, 3.106401049317528e-07, -3.7585590813708096e-07, 5.889503434164575e-07, 0.00013744814170534462]",,,,0.146469233305,-1.19093001687,-0.152854426543,,0.0130073818972,0.00464699822697,0.0549626383204,"[0.00033702374245382313, 2.508673488086235e-05, 1.1312361033501063e-05, -6.043545294454793e-08, -7.956954935977855e-08, -1.1417789077521672e-06, 2.508673488086235e-05, 0.0002400522622581697, 7.105913617184761e-06, 1.2471551033364386e-07, 1.3827921293503627e-08, -1.4004230734700121e-07, 1.1312361033501063e-05, 7.105913617184761e-06, 0.0002005717607263574, 4.014989485255698e-08, -1.5351484189661343e-08, 3.5264822631164054e-08, -6.043545294454793e-08, 1.2471551033364386e-07, 4.014989485255698e-08, 2.620446567907863e-08, -1.0399738598850738e-11, 5.061546386205454e-10, -7.956954935977855e-08, 1.3827921293503627e-08, -1.5351484189661343e-08, -1.0399738598850738e-11, 2.6164798264714798e-08, -2.462162065004046e-10, -1.1417789077521672e-06, -1.4004230734700121e-07, 3.5264822631164054e-08, 5.061546386205454e-10, -2.462162065004046e-10, 3.76783924377869e-08]"
1402414567542867461,,15282,,1402414567,515590906,/enu,/imu,,,,5.8639572411,22.5950346849,-9.63538624377,,0.373084214328,-0.926982977952,-0.0383492311121,-0.00632961923092,"[0.015957715084634505, -0.004462643893284356, -0.009279803469127839, -5.018883837250215e-07, -5.526754415665158e-07, 0.00012196264253605097, -0.004462643893284356, 0.017501316188055355, 0.02039366076098527, 1.042316900283106e-06, -3.603095735282124e-07, -8.056761875604217e-05, -0.009279803469127839, 0.02039366076098527, 0.13399456919349903, -2.2303272078407613e-06, 2.420816620638078e-06, 3.100119508852083e-07, -5.018883837250215e-07, 1.042316900283106e-06, -2.2303272078407613e-06, 4.276477158772134e-06, 2.671202620161295e-07, -3.753606443369054e-07, -5.526754415665158e-07, -3.603095735282124e-07, 2.420816620638078e-06, 2.671202620161295e-07, 4.320832809169502e-06, 5.87285287205441e-07, 0.00012196264253605097, -8.056761875604217e-05, 3.100119508852083e-07, -3.753606443369054e-07, 5.87285287205441e-07, 0.00013748011608983172]",,,,0.14907440173,-1.19769393733,-0.159170130886,,-0.0521567998078,0.0307126788217,0.0515386740141,"[0.0003405446240189637, 2.510346106076145e-05, 1.1217563291255406e-05, -6.018961032901973e-08, -8.199080687327805e-08, -1.1416976888619404e-06, 2.510346106076145e-05, 0.00024457893243350835, 7.861419908899357e-06, 1.2747418630256065e-07, 1.4005104015167057e-08, -1.3954538371110024e-07, 1.1217563291255406e-05, 7.861419908899357e-06, 0.00020109273629178434, 4.068661386734272e-08, -1.522130927288139e-08, 3.481351843408024e-08, -6.018961032901973e-08, 1.2747418630256065e-07, 4.068661386734272e-08, 2.6204449825997167e-08, -1.0394326071956337e-11, 5.06013210833947e-10, -8.199080687327805e-08, 1.4005104015167057e-08, -1.522130927288139e-08, -1.0394326071956337e-11, 2.6164792663334413e-08, -2.4613769284526834e-10, -1.1416976888619404e-06, -1.3954538371110024e-07, 3.481351843408024e-08, 5.06013210833947e-10, -2.4613769284526834e-10, 3.767688730336865e-08]"
1402414567542898879,,15283,,1402414567,526592969,/enu,/imu,,,,5.87202091722,22.5842836572,-9.6346118765,,0.372796483026,-0.927094001227,-0.0384100439508,-0.00664557415307,"[0.01595991692912361, -0.0044631794393678835, -0.009279631447381701, -4.720413786023493e-07, -3.3219437962908927e-07, 0.00012202928271227092, -0.0044631794393678835, 0.017503779563729772, 0.02039666619348892, 8.237353468598168e-07, -3.8890295354052467e-07, -8.046916858505236e-05, -0.009279631447381701, 0.02039666619348892, 0.13401644289108885, -2.2641890334536295e-06, 2.4435871012652762e-06, 3.093037516929407e-07, -4.720413786023493e-07, 8.237353468598168e-07, -2.2641890334536295e-06, 4.32539103127875e-06, 2.671512527056449e-07, -3.748273060216196e-07, -3.3219437962908927e-07, -3.8890295354052467e-07, 2.4435871012652762e-06, 2.671512527056449e-07, 4.369759587543639e-06, 5.855913421468464e-07, 0.00012202928271227092, -8.046916858505236e-05, 3.093037516929407e-07, -3.748273060216196e-07, 5.855913421468464e-07, 0.00013752255215295536]",,,,0.146563432567,-1.20141944525,-0.163837590455,,0.0123446816882,-0.0594126858646,0.05562509747,"[0.00034458352502118975, 2.513776826224671e-05, 1.0952971361585892e-05, -5.987277838955544e-08, -8.469531713271647e-08, -1.1416091870842275e-06, 2.513776826224671e-05, 0.0002497086238375361, 8.649459055325055e-06, 1.3056751569118775e-07, 1.4195517797325929e-08, -1.3893295589513342e-07, 1.0952971361585892e-05, 8.649459055325055e-06, 0.00020168164246873272, 4.1250984778937684e-08, -1.5005245404269433e-08, 3.5548965742643536e-08, -5.987277838955544e-08, 1.3056751569118775e-07, 4.1250984778937684e-08, 2.6204433850799584e-08, -1.0388882539767674e-11, 5.058713804771397e-10, -8.469531713271647e-08, 1.4195517797325929e-08, -1.5005245404269433e-08, -1.0388882539767674e-11, 2.61647869783778e-08, -2.4605865234448717e-10, -1.1416091870842275e-06, -1.3893295589513342e-07, 3.5548965742643536e-08, 5.058713804771397e-10, -2.4605865234448717e-10, 3.767538183775399e-08]"
1402414567542924786,,15284,,1402414567,536588907,/enu,/imu,,,,5.87929001133,22.5744261139,-9.63384554177,,0.372547900822,-0.927194282518,-0.0384643310245,-0.00627051018599,"[0.015961933850782012, -0.004463678133024942, -0.009279478650202106, -4.446498917134338e-07, -1.2777199125646687e-07, 0.00012208975899614838, -0.004463678133024942, 0.01750607505838822, 0.020399401886553557, 6.209258164606658e-07, -4.1502902664034557e-07, -8.037297687649438e-05, -0.009279478650202106, 0.020399401886553557, 0.13403641949433864, -2.2950049027493047e-06, 2.46412863524797e-06, 3.0869345442994575e-07, -4.446498917134338e-07, 6.209258164606658e-07, -2.2950049027493047e-06, 4.365802806921853e-06, 2.6717843270803216e-07, -3.743276835573633e-07, -1.2777199125646687e-07, -4.1502902664034557e-07, 2.46412863524797e-06, 2.6717843270803216e-07, 4.4101846895219235e-06, 5.838919847169163e-07, 0.00012208975899614838, -8.037297687649438e-05, 3.0869345442994575e-07, -3.743276835573633e-07, 5.838919847169163e-07, 0.0001375544963335364]",,,,0.144699585941,-1.2054771717,-0.148667651588,,-0.0370254678137,0.0636261292058,0.05739219687,"[0.00034826306278277423, 2.5152229516694444e-05, 1.0897866484965963e-05, -5.962681255339875e-08, -8.716645838200537e-08, -1.1415577144007833e-06, 2.5152229516694444e-05, 0.00025441275887765796, 9.434011398361914e-06, 1.3339062423144555e-07, 1.4380872755437015e-08, -1.383656073723849e-07, 1.0897866484965963e-05, 9.434011398361914e-06, 0.00020221217155373466, 4.1757607301110445e-08, -1.4905373876772026e-08, 3.4743756371811225e-08, -5.962681255339875e-08, 1.3339062423144555e-07, 4.1757607301110445e-08, 2.6204417740248657e-08, -1.0383404601827869e-11, 5.05729100993965e-10, -8.716645838200537e-08, 1.4380872755437015e-08, -1.4905373876772026e-08, -1.0383404601827869e-11, 2.6164781200901487e-08, -2.459790285894239e-10, -1.1415577144007833e-06, -1.383656073723849e-07, 3.4743756371811225e-08, 5.05729100993965e-10, -2.459790285894239e-10, 3.767387594091962e-08]"
1402414567582844455,,15285,,1402414567,546593904,/enu,/imu,,,,5.88673781976,22.5646206584,-9.63313277917,,0.372337927396,-0.927273824922,-0.0385464990261,-0.00647215963891,"[0.01596404387343014, -0.004464190359739033, -0.009279360136866992, -4.169818519752292e-07, 8.117444004076423e-08, 0.000122157968697281, -0.004464190359739033, 0.017508397832124673, 0.020402188836350827, 4.1364112185155825e-07, -4.4141475950091616e-07, -8.027157601573517e-05, -0.009279360136866992, 0.020402188836350827, 0.13405644770955416, -2.326078058517784e-06, 2.484539048815327e-06, 3.0791847683696617e-07, -4.169818519752292e-07, 4.1364112185155825e-07, -2.326078058517784e-06, 4.406290831977934e-06, 2.6720553379782183e-07, -3.7382424441822817e-07, 8.117444004076423e-08, -4.4141475950091616e-07, 2.484539048815327e-06, 2.6720553379782183e-07, 4.450686441922245e-06, 5.821779049284152e-07, 0.000122157968697281, -8.027157601573517e-05, 3.0791847683696617e-07, -3.7382424441822817e-07, 5.821779049284152e-07, 0.00013758652260061925]",,,,0.147697036932,-1.21380442306,-0.165153856004,,0.00063721471306,-0.0451649073481,0.0446906063082,"[0.00035204379123838624, 2.519594478440344e-05, 1.0670854956263162e-05, -5.935014988748678e-08, -8.967884676886511e-08, -1.141458067698746e-06, 2.519594478440344e-05, 0.00025922210703934357, 1.018518309298569e-05, 1.3624482183929114e-07, 1.4551785198996995e-08, -1.3793766001165307e-07, 1.0670854956263162e-05, 1.018518309298569e-05, 0.00020271544749321662, 4.228434997888992e-08, -1.4714592143155171e-08, 3.5232258515363555e-08, -5.935014988748678e-08, 1.3624482183929114e-07, 4.228434997888992e-08, 2.6204401506678638e-08, -1.0377895960995042e-11, 5.055864196263626e-10, -8.967884676886511e-08, 1.4551785198996995e-08, -1.4714592143155171e-08, -1.0377895960995042e-11, 2.6164775337599626e-08, -2.4589887763752003e-10, -1.141458067698746e-06, -1.3793766001165307e-07, 3.5232258515363555e-08, 5.055864196263626e-10, -2.4589887763752003e-10, 3.767236971483209e-08]"
1402414567582877057,,15286,,1402414567,556565999,/enu,/imu,,,,5.89386793933,22.554715508,-9.63234062435,,0.372146317778,-0.927345343469,-0.0387126849759,-0.00624981053597,"[0.01596617676652374, -0.00446470086977807, -0.00927919239403623, -3.891408472000008e-07, 2.943258086724231e-07, 0.00012223904104211546, -0.00446470086977807, 0.017510743904196092, 0.020404915972564202, 2.0221808528001176e-07, -4.6797719278906706e-07, -8.016592206309756e-05, -0.00927919239403623, 0.020404915972564202, 0.1340765559348256, -2.3574556571092887e-06, 2.5047322692508615e-06, 3.0730654342468937e-07, -3.891408472000008e-07, 2.0221808528001176e-07, -2.3574556571092887e-06, 4.446517358190638e-06, 2.6723240222836847e-07, -3.733195234109401e-07, 2.943258086724231e-07, -4.6797719278906706e-07, 2.5047322692508615e-06, 2.6723240222836847e-07, 4.490927085492585e-06, 5.804480817485204e-07, 0.00012223904104211546, -8.016592206309756e-05, 3.0730654342468937e-07, -3.733195234109401e-07, 5.804480817485204e-07, 0.00013761821091568682]",,,,0.150978535214,-1.22148595921,-0.174269661538,,-0.0467448786721,0.0273992813167,0.0441382748815,"[0.00035587489245218686, 2.5230238037789608e-05, 1.0561019260383159e-05, -5.9103138788825076e-08, -9.21953231359205e-08, -1.1413890650273965e-06, 2.5230238037789608e-05, 0.00026409217334263376, 1.0991229690011833e-05, 1.3909192940561988e-07, 1.4730779528928659e-08, -1.3753696713687339e-07, 1.0561019260383159e-05, 1.0991229690011833e-05, 0.0002032435891320135, 4.283572529503003e-08, -1.4580080066113186e-08, 3.4827989163992844e-08, -5.9103138788825076e-08, 1.3909192940561988e-07, 4.283572529503003e-08, 2.6204385149163883e-08, -1.0372356490424706e-11, 5.054433363804581e-10, -9.21953231359205e-08, 1.4730779528928659e-08, -1.4580080066113186e-08, -1.0372356490424706e-11, 2.6164769389261057e-08, -2.4581819885486427e-10, -1.1413890650273965e-06, -1.3753696713687339e-07, 3.4827989163992844e-08, 5.054433363804581e-10, -2.4581819885486427e-10, 3.7670863159991394e-08]"
