rosbagTimestamp,header,seq,stamp,secs,nsecs,frame_id,child_frame_id,pose,pose,position,x,y,z,orientation,x,y,z,w,covariance,twist,twist,linear,x,y,z,angular,x,y,z,covariance
1402416390677185533,,192749,,1402416390,676103115,/enu,/imu,,,,5.3772990467,23.9437528407,-21.3939429753,,-0.366080183031,0.930445368152,-0.00297342718201,0.0157440530783,"[0.02586580431909798, -0.0058016515397115685, -0.0015591475042626478, 5.040552577503166e-06, -7.063855626985782e-06, 9.385141403580422e-05, -0.0058016515397115685, 0.03170802894314096, 0.004762032532139789, 1.639477877510918e-06, -3.883324761337731e-06, -3.822300723350569e-05, -0.0015591475042626478, 0.004762032532139789, 0.21361166886175642, -3.030073660484189e-06, 4.433996593719196e-06, 1.5330790215065553e-05, 5.040552577503166e-06, 1.639477877510918e-06, -3.030073660484189e-06, 4.9068103750832365e-06, -4.059532648888479e-07, 7.835686147789563e-07, -7.063855626985782e-06, -3.883324761337731e-06, 4.433996593719196e-06, -4.059532648888479e-07, 4.3472412397101845e-06, -1.7051124969103796e-06, 9.385141403580422e-05, -3.822300723350569e-05, 1.5330790215065553e-05, 7.835686147789563e-07, -1.7051124969103796e-06, 0.00010682194720317736]",,,,0.106343262413,-0.436028491291,0.378546518416,,-0.0143962404771,-0.0130133940501,0.0718130305243,"[0.0003602072764049393, -4.2988120238088165e-05, 4.725945202679142e-05, -3.4214722964024444e-10, -1.4723615463689767e-08, -3.443342136555137e-08, -4.2988120238088165e-05, 0.0002109886687389428, 4.4430035144582536e-05, 1.0503449448911824e-08, 2.4548289078777616e-09, -3.722227408856278e-09, 4.725945202679142e-05, 4.4430035144582536e-05, 0.00019934261909234572, 9.45212555827336e-10, -2.119022341742028e-09, 1.2802273645827924e-09, -3.4214722964024444e-10, 1.0503449448911824e-08, 9.45212555827336e-10, 2.1335930935013536e-09, -4.423942746293258e-12, -1.1610395355327692e-11, -1.4723615463689767e-08, 2.4548289078777616e-09, -2.119022341742028e-09, -4.423942746293258e-12, 2.111832992975334e-09, 8.478199955478872e-13, -3.443342136555137e-08, -3.722227408856278e-09, 1.2802273645827924e-09, -1.1610395355327692e-11, 8.478199955478872e-13, 2.1289408377969574e-09]"
1402416390688218098,,192750,,1402416390,687102079,/enu,/imu,,,,5.39122544416,23.9137643299,-21.3231673221,,-0.366385995683,0.930309495087,-0.00191433903538,0.0167893068837,"[0.025857867367919684, -0.005802497852292561, -0.0015597994538190112, 5.101250608389188e-06, -7.4214834852836825e-06, 9.394035649025416e-05, -0.005802497852292561, 0.03169582553835647, 0.0047710618539142, 2.5880854807471768e-06, -3.901484763812917e-06, -3.8015852600259024e-05, -0.0015597994538190112, 0.0047710618539142, 0.21356772716528552, -2.826462422632722e-06, 4.223928278457962e-06, 1.5455939855103622e-05, 5.101250608389188e-06, 2.5880854807471768e-06, -2.826462422632722e-06, 4.749487844306974e-06, -3.9785861279270477e-07, 7.212923002210972e-07, -7.4214834852836825e-06, -3.901484763812917e-06, 4.223928278457962e-06, -3.9785861279270477e-07, 4.177457048699367e-06, -1.6039010980142623e-06, 9.394035649025416e-05, -3.8015852600259024e-05, 1.5455939855103622e-05, 7.212923002210972e-07, -1.6039010980142623e-06, 0.00010679105345720016]",,,,0.137977144424,-0.452618366755,0.358929077224,,0.0657880676894,0.0169164112559,0.0708182704076,"[0.00033890143671205005, -3.803855858369113e-05, 4.599141362912878e-05, -4.2289085015027994e-10, -1.367116233352661e-08, -3.5073213275696735e-08, -3.803855858369113e-05, 0.0001949769966185246, 4.446272355995995e-05, 9.666618286858054e-09, 2.3175583798807965e-09, -5.2774111908661396e-09, 4.599141362912878e-05, 4.446272355995995e-05, 0.00019846248473818218, 9.890723227414083e-10, -2.0108207988117846e-09, 1.4387175158432068e-09, -4.2289085015027994e-10, 9.666618286858054e-09, 9.890723227414083e-10, 2.1335389032606845e-09, -4.4200279601116765e-12, -1.1598082336775315e-11, -1.367116233352661e-08, 2.3175583798807965e-09, -2.0108207988117846e-09, -4.4200279601116765e-12, 2.1117757627756944e-09, 8.180333943351836e-13, -3.5073213275696735e-08, -5.2774111908661396e-09, 1.4387175158432068e-09, -1.1598082336775315e-11, 8.180333943351836e-13, 2.128918893982978e-09]"
1402416390698311965,,192751,,1402416390,697078943,/enu,/imu,,,,5.39340878411,23.9096592022,-21.3268410772,,-0.366125519239,0.930413282946,-0.00172376489219,0.0167408397135,"[0.025859685734460996, -0.0058023268681285985, -0.001555264440451336, 5.065734407607606e-06, -7.243539424187948e-06, 9.378336845449798e-05, -0.0058023268681285985, 0.03169867601600477, 0.0047709421178312224, 2.3457657454469545e-06, -3.869457032291786e-06, -3.814625606915066e-05, -0.001555264440451336, 0.0047709421178312224, 0.21358493969242123, -2.8335879053140086e-06, 4.243807501167198e-06, 1.5459221734448133e-05, 5.065734407607606e-06, 2.3457657454469545e-06, -2.8335879053140086e-06, 4.789227174612796e-06, -3.9785651205473277e-07, 7.213112990948816e-07, -7.243539424187948e-06, -3.869457032291786e-06, 4.243807501167198e-06, -3.9785651205473277e-07, 4.217274189835364e-06, -1.6047387517346826e-06, 9.378336845449798e-05, -3.814625606915066e-05, 1.5459221734448133e-05, 7.213112990948816e-07, -1.6047387517346826e-06, 0.00010681605455459283]",,,,0.135585026051,-0.452121680829,0.351462532044,,-0.0381432769123,-0.00451045415118,0.0592212431495,"[0.00034444614964563116, -3.8767598344971636e-05, 4.592324619037277e-05, -4.1179443716844073e-10, -1.3918557965504952e-08, -3.516795513525381e-08, -3.8767598344971636e-05, 0.00019916601434413178, 4.467347792557849e-05, 9.875648011364805e-09, 2.3519662233898017e-09, -5.298667827008992e-09, 4.592324619037277e-05, 4.467347792557849e-05, 0.00019885197198080758, 9.99102028612834e-10, -1.9996857756571206e-09, 1.4409065344075084e-09, -4.1179443716844073e-10, 9.875648011364805e-09, 9.99102028612834e-10, 2.133538883090791e-09, -4.42003654537403e-12, -1.1598239706169697e-11, -1.3918557965504952e-08, 2.3519662233898017e-09, -1.9996857756571206e-09, -4.42003654537403e-12, 2.1117757395125325e-09, 8.182013887104418e-13, -3.516795513525381e-08, -5.298667827008992e-09, 1.4409065344075084e-09, -1.1598239706169697e-11, 8.182013887104418e-13, 2.128914858242895e-09]"
1402416390708151957,,192752,,1402416390,707073926,/enu,/imu,,,,5.39567570472,23.9054587022,-21.3303344731,,-0.36583089727,0.930527634354,-0.00203126418995,0.0167913748989,"[0.025861476825907326, -0.005802122464448272, -0.001550725538377564, 5.02971310442423e-06, -7.060897015497756e-06, 9.36249638910669e-05, -0.005802122464448272, 0.031701601088537444, 0.004770893212702283, 2.09805433981275e-06, -3.836965659045401e-06, -3.827709718208007e-05, -0.001550725538377564, 0.004770893212702283, 0.21360192021802518, -2.840745743159552e-06, 4.263710456772486e-06, 1.546255287523519e-05, 5.02971310442423e-06, 2.09805433981275e-06, -2.840745743159552e-06, 4.829109689439648e-06, -3.978543999104512e-07, 7.213310357204068e-07, -7.060897015497756e-06, -3.836965659045401e-06, 4.263710456772486e-06, -3.978543999104512e-07, 4.2572355541675775e-06, -1.6055864936664347e-06, 9.36249638910669e-05, -3.827709718208007e-05, 1.546255287523519e-05, 7.213310357204068e-07, -1.6055864936664347e-06, 0.00010684119540847185]",,,,0.137007569965,-0.454422130795,0.346384073052,,0.0620328426071,0.0136029792487,0.064743618326,"[0.0003500747987082016, -3.9475302201872803e-05, 4.592017745097595e-05, -4.000697566785846e-10, -1.4167819362309049e-08, -3.526355306929424e-08, -3.9475302201872803e-05, 0.00020353973192177794, 4.4874471747087646e-05, 1.0088027307406328e-08, 2.3854687078377944e-09, -5.316667201716215e-09, 4.592017745097595e-05, 4.4874471747087646e-05, 0.00019917009619098137, 9.991597816020664e-10, -1.993342610789112e-09, 1.4420379523624573e-09, -4.000697566785846e-10, 1.0088027307406328e-08, 9.991597816020664e-10, 2.133538862421526e-09, -4.42004525598117e-12, -1.159839882374881e-11, -1.4167819362309049e-08, 2.3854687078377944e-09, -1.993342610789112e-09, -4.42004525598117e-12, 2.1117757158326503e-09, 8.183715250148052e-13, -3.526355306929424e-08, -5.316667201716215e-09, 1.4420379523624573e-09, -1.159839882374881e-11, 8.183715250148052e-13, 2.1289108206941077e-09]"
1402416390719019290,,192753,,1402416390,718076944,/enu,/imu,,,,5.3979847337,23.9006877884,-21.3339546617,,-0.365511711393,0.930652455286,-0.00202102266957,0.0168259255945,"[0.02586356423350659, -0.005801915176363496, -0.0015457725540731786, 4.989644618363782e-06, -6.855072034420493e-06, 9.344866073045404e-05, -0.005801915176363496, 0.0317048906296193, 0.004770863981181268, 1.8200228709587023e-06, -3.8007649272165283e-06, -3.84247250918445e-05, -0.0015457725540731786, 0.004770863981181268, 0.21362062341663077, -2.8485771765947225e-06, 4.285742275067848e-06, 1.5466358159241577e-05, 4.989644618363782e-06, 1.8200228709587023e-06, -2.8485771765947225e-06, 4.877461954694118e-06, -3.9785258193264577e-07, 7.213440312171904e-07, -6.855072034420493e-06, -3.8007649272165283e-06, 4.285742275067848e-06, -3.9785258193264577e-07, 4.305667541785475e-06, -1.6064463137534713e-06, 9.344866073045404e-05, -3.84247250918445e-05, 1.5466358159241577e-05, 7.213440312171904e-07, -1.6064463137534713e-06, 0.00010687490488237795]",,,,0.136201097203,-0.447738026339,0.355298988156,,0.00150746887644,-0.00605672181195,0.0638600275516,"[0.00035644153628210443, -4.028440487227159e-05, 4.585528106751978e-05, -3.8665093243004624e-10, -1.4445082052951346e-08, -3.536847623573234e-08, -4.028440487227159e-05, 0.00020843310752990675, 4.5105686155746434e-05, 1.0323664478555767e-08, 2.4240613985174264e-09, -5.337230670888578e-09, 4.585528106751978e-05, 4.5105686155746434e-05, 0.000199600501185837, 1.0056682260355997e-09, -1.9817127932686807e-09, 1.4474154657997305e-09, -3.8665093243004624e-10, 1.0323664478555767e-08, 1.0056682260355997e-09, 2.133538841308731e-09, -4.420054082337655e-12, -1.1598559685075463e-11, -1.4445082052951346e-08, 2.4240613985174264e-09, -1.9817127932686807e-09, -4.420054082337655e-12, 2.1117756917580292e-09, 8.185437814119078e-13, -3.536847623573234e-08, -5.337230670888578e-09, 1.4474154657997305e-09, -1.1598559685075463e-11, 8.185437814119078e-13, 2.1289067809760297e-09]"
1402416390729022804,,192754,,1402416390,728065967,/enu,/imu,,,,5.4002172562,23.8965450183,-21.3375569217,,-0.365214361533,0.930770503835,-0.00201194072205,0.0167538477437,"[0.02586542985001071, -0.00580173741449531, -0.0015411419735985952, 4.952847524717174e-06, -6.664035480517701e-06, 9.328583043221122e-05, -0.00580173741449531, 0.031707912772516826, 0.004770783881338015, 1.5628156109451742e-06, -3.7674477897615895e-06, -3.855954139818726e-05, -0.0015411419735985952, 0.004770783881338015, 0.21363790097821858, -2.85569310416614e-06, 4.305738127427977e-06, 1.5469547962626456e-05, 4.952847524717174e-06, 1.5628156109451742e-06, -2.85569310416614e-06, 4.917293033876402e-06, -3.978504325228913e-07, 7.213657238609113e-07, -6.664035480517701e-06, -3.7674477897615895e-06, 4.305738127427977e-06, -3.978504325228913e-07, 4.3455798009651804e-06, -1.6073164277649265e-06, 9.328583043221122e-05, -3.855954139818726e-05, 1.5469547962626456e-05, 7.213657238609113e-07, -1.6073164277649265e-06, 0.00010689998090868508]",,,,0.137594597496,-0.453608368614,0.353742071805,,-0.00589253173631,0.0132716370264,0.0665107612514,"[0.0003622656136784002, -4.1041415097752316e-05, 4.582159962244018e-05, -3.7416678454516255e-10, -1.4698554474210643e-08, -3.546419442245376e-08, -4.1041415097752316e-05, 0.0002129221722218068, 4.530834348738569e-05, 1.0539741350249504e-08, 2.4597975486015364e-09, -5.35555632353754e-09, 4.582159962244018e-05, 4.530834348738569e-05, 0.00019997868121378285, 1.0123767737660425e-09, -1.973672638188586e-09, 1.4450360456223282e-09, -3.7416678454516255e-10, 1.0539741350249504e-08, 1.0123767737660425e-09, 2.13353881971212e-09, -4.420063044573684e-12, -1.1598722430292097e-11, -1.4698554474210643e-08, 2.4597975486015364e-09, -1.973672638188586e-09, -4.420063044573684e-12, 2.1117756671931444e-09, 8.187183763853917e-13, -3.546419442245376e-08, -5.35555632353754e-09, 1.4450360456223282e-09, -1.1598722430292097e-11, 8.187183763853917e-13, 2.128902739295872e-09]"
1402416390739058477,,192755,,1402416390,738105058,/enu,/imu,,,,5.40494638321,23.8804831899,-21.3147059518,,-0.365366268016,0.930703912691,-0.00123805609891,0.0172100062174,"[0.02585732623120069, -0.005802544720100744, -0.0015422015625227872, 4.998844401831484e-06, -7.0352198170021e-06, 9.339667784773874e-05, -0.005802544720100744, 0.03169545254242827, 0.004779880063351758, 2.5364411441149116e-06, -3.7811839653110437e-06, -3.831617563099028e-05, -0.0015422015625227872, 0.004779880063351758, 0.2135919968798997, -2.660367447112429e-06, 4.091270839813204e-06, 1.560057184054219e-05, 4.998844401831484e-06, 2.5364411441149116e-06, -2.660367447112429e-06, 4.751095020625731e-06, -3.902841256343232e-07, 6.551661973798532e-07, -7.0352198170021e-06, -3.7811839653110437e-06, 4.091270839813204e-06, -3.902841256343232e-07, 4.1678181502220405e-06, -1.501310717157781e-06, 9.339667784773874e-05, -3.831617563099028e-05, 1.560057184054219e-05, 6.551661973798532e-07, -1.501310717157781e-06, 0.000106853908346283]",,,,0.1555078778,-0.463936195603,0.350275927904,,-0.0447703508483,0.039557274195,0.0675042788959,"[0.0003388990374815424, -3.7072319994182085e-05, 4.531193805615749e-05, -4.5298807610756404e-10, -1.3636569470820402e-08, -3.527198376160707e-08, -3.7072319994182085e-05, 0.00019662015585811696, 4.490175077224587e-05, 9.699362488508004e-09, 2.3358986763289705e-09, -6.312293777046589e-09, 4.531193805615749e-05, 4.490175077224587e-05, 0.00019906150432263871, 1.0210396828904683e-09, -1.921753150872595e-09, 1.5167240277617587e-09, -4.5298807610756404e-10, 9.699362488508004e-09, 1.0210396828904683e-09, 2.1334845348959936e-09, -4.4162970297845936e-12, -1.1586234749651059e-11, -1.3636569470820402e-08, 2.3358986763289705e-09, -1.921753150872595e-09, -4.4162970297845936e-12, 2.111718402357219e-09, 7.873029784061856e-13, -3.527198376160707e-08, -6.312293777046589e-09, 1.5167240277617587e-09, -1.1586234749651059e-11, 7.873029784061856e-13, 2.128878965494566e-09]"
1402416390778821828,,192756,,1402416390,749052047,/enu,/imu,,,,5.40711966214,23.8756740637,-21.3184624584,,-0.365061836175,0.930817746703,-0.00155863170032,0.017485675799,"[0.025859323099580726, -0.005802341457100746, -0.001537279183208976, 4.96037732196576e-06, -6.839312315917616e-06, 9.323145608146084e-05, -0.005802341457100746, 0.03169854554678324, 0.004779804438700425, 2.2692929364183854e-06, -3.7463315850213356e-06, -3.8454368678495144e-05, -0.001537279183208976, 0.004779804438700425, 0.2136108357039966, -2.667986410131013e-06, 4.112803465469803e-06, 1.5604481874886996e-05, 4.96037732196576e-06, 2.2692929364183854e-06, -2.667986410131013e-06, 4.798958293764639e-06, -3.9028198738205467e-07, 6.55186778189761e-07, -6.839312315917616e-06, -3.7463315850213356e-06, 4.112803465469803e-06, -3.9028198738205467e-07, 4.215757635152181e-06, -1.502164798216454e-06, 9.323145608146084e-05, -3.8454368678495144e-05, 1.5604481874886996e-05, 6.55186778189761e-07, -1.502164798216454e-06, 0.00010688706032313402]",,,,0.157859286168,-0.463146627444,0.340235304396,,0.0739609927155,-0.0250546660923,0.0607669522502,"[0.0003450307911145887, -3.7814888327627265e-05, 4.522961453680232e-05, -4.4153407616304684e-10, -1.3907608332183477e-08, -3.53701055164603e-08, -3.7814888327627265e-05, 0.00020138909065726648, 4.514971636486823e-05, 9.930162580849755e-09, 2.3714882614348384e-09, -6.331817992321853e-09, 4.522961453680232e-05, 4.514971636486823e-05, 0.00019939960892630609, 1.0204888771501734e-09, -1.908440742675326e-09, 1.5343231975306238e-09, -4.4153407616304684e-10, 9.930162580849755e-09, 1.0204888771501734e-09, 2.1334845144288073e-09, -4.416305482293919e-12, -1.158639271908045e-11, -1.3907608332183477e-08, 2.3714882614348384e-09, -1.908440742675326e-09, -4.416305482293919e-12, 2.1117183788478127e-09, 7.87476186959886e-13, -3.53701055164603e-08, -6.331817992321853e-09, 1.5343231975306238e-09, -1.158639271908045e-11, 7.87476186959886e-13, 2.1288749103208692e-09]"
1402416390778858440,,192757,,1402416390,759099960,/enu,/imu,,,,5.4093775484,23.8712168306,-21.3219480322,,-0.364779609476,0.930928992952,-0.00155443539265,0.0174536621805,"[0.02586114985607945, -0.005802176968477662, -0.0015326676397008569, 4.9246306578073604e-06, -6.655152861405417e-06, 9.307646947815224e-05, -0.005802176968477662, 0.03170146795619998, 0.004779755893438585, 2.019089343829245e-06, -3.7138787753361348e-06, -3.858240547638735e-05, -0.0015326676397008569, 0.004779755893438585, 0.21362814836066488, -2.6749455226439087e-06, 4.132579381923344e-06, 1.5607820813291432e-05, 4.9246306578073604e-06, 2.019089343829245e-06, -2.6749455226439087e-06, 4.839264968340255e-06, -3.902795422867799e-07, 6.552150794496438e-07, -6.655152861405417e-06, -3.7138787753361348e-06, 4.132579381923344e-06, -3.902795422867799e-07, 4.256141940585327e-06, -1.5030292028945262e-06, 9.307646947815224e-05, -3.858240547638735e-05, 1.5607820813291432e-05, 6.552150794496438e-07, -1.5030292028945262e-06, 0.00010691255534739697]",,,,0.155553721757,-0.46168135777,0.347869295899,,-0.0020270681217,0.00609160326601,0.0628654469361,"[0.00035069473610330296, -3.855610632203851e-05, 4.516780674466644e-05, -4.308504527755467e-10, -1.4158129125189718e-08, -3.5460584742145845e-08, -3.855610632203851e-05, 0.00020575434515078843, 4.5363829343914784e-05, 1.0143665865202208e-08, 2.40617682014409e-09, -6.3501987719762444e-09, 4.516780674466644e-05, 4.5363829343914784e-05, 0.0001997734838061534, 1.027190927533105e-09, -1.8987112154282915e-09, 1.5345788053419962e-09, -4.308504527755467e-10, 1.0143665865202208e-08, 1.027190927533105e-09, 2.133484493478302e-09, -4.4163140520348054e-12, -1.1586552576183219e-11, -1.4158129125189718e-08, 2.40617682014409e-09, -1.8987112154282915e-09, -4.4163140520348054e-12, 2.1117183548779483e-09, 7.876517302262667e-13, -3.5460584742145845e-08, -6.3501987719762444e-09, 1.5345788053419962e-09, -1.1586552576183219e-11, 7.876517302262667e-13, 2.128870852743042e-09]"
1402416390778881696,,192758,,1402416390,769038915,/enu,/imu,,,,5.41163679468,23.8668882978,-21.3255599273,,-0.364524028314,0.931028679265,-0.0016306496303,0.0174691771132,"[0.025863087787629153, -0.005801945474630951, -0.0015281866888619145, 4.888935409256409e-06, -6.46920338711975e-06, 9.292417398281288e-05, -0.005801945474630951, 0.031704460957201246, 0.004779677899972572, 1.7672168758148689e-06, -3.681424638789989e-06, -3.870907745049585e-05, -0.0015281866888619145, 0.004779677899972572, 0.21364519157535922, -2.681925340340019e-06, 4.152134443633151e-06, 1.5611109317724473e-05, 4.888935409256409e-06, 1.7672168758148689e-06, -2.681925340340019e-06, 4.878698344869582e-06, -3.902770430889185e-07, 6.552451248308864e-07, -6.46920338711975e-06, -3.681424638789989e-06, 4.152134443633151e-06, -3.902770430889185e-07, 4.295654018881394e-06, -1.5039036593184358e-06, 9.292417398281288e-05, -3.870907745049585e-05, 1.5611109317724473e-05, 6.552451248308864e-07, -1.5039036593184358e-06, 0.0001069371604010008]",,,,0.160244828603,-0.467203189139,0.352837187947,,0.0164177075339,0.00310951415973,0.0574534937856,"[0.00035639458082075315, -3.9279183969686444e-05, 4.5104083256980825e-05, -4.205466569817629e-10, -1.440824401294856e-08, -3.554983623753584e-08, -3.9279183969686444e-05, 0.00021016440536419457, 4.5578439286949315e-05, 1.0357189573667862e-08, 2.439648202480375e-09, -6.370133842589217e-09, 4.5104083256980825e-05, 4.5578439286949315e-05, 0.00020012027441655003, 1.0320288874255162e-09, -1.888973959480309e-09, 1.5370383166478202e-09, -4.205466569817629e-10, 1.0357189573667862e-08, 1.0320288874255162e-09, 2.133484472074174e-09, -4.416322758954359e-12, -1.158671406480914e-11, -1.440824401294856e-08, 2.439648202480375e-09, -1.888973959480309e-09, -4.416322758954359e-12, 2.111718330482051e-09, 7.878294188497355e-13, -3.554983623753584e-08, -6.370133842589217e-09, 1.5370383166478202e-09, -1.158671406480914e-11, 7.878294188497355e-13, 2.1288667933908523e-09]"
1402416390818807054,,192759,,1402416390,780039072,/enu,/imu,,,,5.41364845643,23.8618702809,-21.3291844534,,-0.36416150898,0.931164023624,-0.00185477512489,0.0177909048147,"[0.025865160563611857, -0.005801771282749389, -0.0015229967775635782, 4.84903061699466e-06, -6.258391498970593e-06, 9.275563252187692e-05, -0.005801771282749389, 0.031707756299004186, 0.004779599648816011, 1.4828631315973207e-06, -3.645057565316695e-06, -3.8852879835493985e-05, -0.0015229967775635782, 0.004779599648816011, 0.213664307550364, -2.6896966033126165e-06, 4.173889400411459e-06, 1.5614971477475003e-05, 4.84903061699466e-06, 1.4828631315973207e-06, -2.6896966033126165e-06, 4.927023343037418e-06, -3.9027484887218826e-07, 6.552677766250224e-07, -6.258391498970593e-06, -3.645057565316695e-06, 4.173889400411459e-06, -3.9027484887218826e-07, 4.34405853787358e-06, -1.504790170348808e-06, 9.275563252187692e-05, -3.8852879835493985e-05, 1.5614971477475003e-05, 6.552677766250224e-07, -1.504790170348808e-06, 0.00010697076160448864]",,,,0.158245322544,-0.459817387421,0.343677819955,,0.0604863640032,-0.0390815303942,0.0720325853384,"[0.0003628852859968789, -4.0069081833502104e-05, 4.498182059926865e-05, -4.0669464313435904e-10, -1.4687536750010435e-08, -3.564915379569329e-08, -4.0069081833502104e-05, 0.00021524317204874732, 4.5819728636448496e-05, 1.0596141348915357e-08, 2.4784998394987755e-09, -6.385613923010608e-09, 4.498182059926865e-05, 4.5819728636448496e-05, 0.0002004606350743211, 1.0321544069779279e-09, -1.8725884314478195e-09, 1.5594565048287506e-09, -4.0669464313435904e-10, 1.0596141348915357e-08, 1.0321544069779279e-09, 2.13348445023847e-09, -4.416331576688654e-12, -1.1586877315473007e-11, -1.4687536750010435e-08, 2.4784998394987755e-09, -1.8725884314478195e-09, -4.416331576688654e-12, 2.1117183056937337e-09, 7.880092139871972e-13, -3.564915379569329e-08, -6.385613923010608e-09, 1.5594565048287506e-09, -1.1586877315473007e-11, 7.880092139871972e-13, 2.1288627320790663e-09]"
1402416390818836174,,192760,,1402416390,790024995,/enu,/imu,,,,5.42613551922,23.8669789252,-21.2914414302,,-0.363323879623,0.931514990193,-0.00245737906843,0.0164177596035,"[0.02585698134184453, -0.005802500328887756, -0.0015241550724758811, 4.883702871912838e-06, -6.644376088622191e-06, 9.285040915191445e-05, -0.005802500328887756, 0.03169530610346129, 0.004788677156736822, 2.4722863835531984e-06, -3.6445531690050166e-06, -3.864136462313031e-05, -0.0015241550724758811, 0.004788677156736822, 0.21361838388498489, -2.4977074400379315e-06, 3.95077787924875e-06, 1.5736438703909558e-05, 4.883702871912838e-06, 2.4722863835531984e-06, -2.4977074400379315e-06, 4.754144213387823e-06, -3.8368265859021633e-07, 5.931023060381409e-07, -6.644376088622191e-06, -3.6445531690050166e-06, 3.95077787924875e-06, -3.8368265859021633e-07, 4.158891951299656e-06, -1.4047923194831398e-06, 9.285040915191445e-05, -3.864136462313031e-05, 1.5736438703909558e-05, 5.931023060381409e-07, -1.4047923194831398e-06, 0.00010693378425470939]",,,,0.127081611673,-0.460495022119,0.346208874435,,-0.0283135667027,0.0501615471723,0.0697137556503,"[0.0003368117424785983, -3.998147173910176e-05, 4.6766741131213616e-05, -4.72295798938475e-10, -1.3574251352889552e-08, -3.481616620514017e-08, -3.998147173910176e-05, 0.00019713213992442717, 4.48290354253739e-05, 9.712644894762537e-09, 2.4088242539946103e-09, -4.64669186366649e-09, 4.6766741131213616e-05, 4.48290354253739e-05, 0.0001997384530632985, 9.994070352669586e-10, -2.012858396572363e-09, 1.3860763919149766e-09, -4.72295798938475e-10, 9.712644894762537e-09, 9.994070352669586e-10, 2.13342827028778e-09, -4.4124219925387645e-12, -1.1574925588312201e-11, -1.3574251352889552e-08, 2.4088242539946103e-09, -2.012858396572363e-09, -4.4124219925387645e-12, 2.11165950235901e-09, 7.583417989071799e-13, -3.481616620514017e-08, -4.64669186366649e-09, 1.3860763919149766e-09, -1.1574925588312201e-11, 7.583417989071799e-13, 2.128841465896155e-09]"
1402416390818903022,,192761,,1402416390,800024986,/enu,/imu,,,,5.42839145978,23.8626171309,-21.294565866,,-0.363018184314,0.931626938949,-0.00265175043653,0.0167932338129,"[0.025858846971819192, -0.005802335323719203, -0.0015196680263129443, 4.8490135526030905e-06, -6.465419552709018e-06, 9.270506973557883e-05, -0.005802335323719203, 0.031698122953983304, 0.004788671107411939, 2.227503369256889e-06, -3.6127890734424633e-06, -3.876573314113859e-05, -0.0015196680263129443, 0.004788671107411939, 0.21363548786683118, -2.5045218447500057e-06, 3.9702471608590884e-06, 1.5739745332644635e-05, 4.8490135526030905e-06, 2.227503369256889e-06, -2.5045218447500057e-06, 4.794068241807548e-06, -3.8367988218376915e-07, 5.931392766142068e-07, -6.465419552709018e-06, -3.6127890734424633e-06, 3.9702471608590884e-06, -3.8367988218376915e-07, 4.198891057140731e-06, -1.4056563902446857e-06, 9.270506973557883e-05, -3.876573314113859e-05, 1.5739745332644635e-05, 5.931392766142068e-07, -1.4056563902446857e-06, 0.00010695882387179056]",,,,0.130982716277,-0.460170752416,0.319402938044,,0.0645730005459,-0.0553160650651,0.0671734441297,"[0.00034236928738942094, -4.067542780501176e-05, 4.6675936947315194e-05, -4.6153503491183894e-10, -1.3821221999800284e-08, -3.489876852419136e-08, -4.067542780501176e-05, 0.00020145805063950147, 4.5054222763654466e-05, 9.923134540105707e-09, 2.4427729866935636e-09, -4.661031532941095e-09, 4.6675936947315194e-05, 4.5054222763654466e-05, 0.0001999898152271082, 9.996176454516791e-10, -1.997559335838946e-09, 1.4105790204409279e-09, -4.6153503491183894e-10, 9.923134540105707e-09, 9.996176454516791e-10, 2.1334282496552766e-09, -4.412430319240701e-12, -1.1575083790736793e-11, -1.3821221999800284e-08, 2.4427729866935636e-09, -1.997559335838946e-09, -4.412430319240701e-12, 2.1116594786367487e-09, 7.585197822990867e-13, -3.489876852419136e-08, -4.661031532941095e-09, 1.4105790204409279e-09, -1.1575083790736793e-11, 7.585197822990867e-13, 2.128837390707678e-09]"
1402416390818925321,,192762,,1402416390,811024904,/enu,/imu,,,,5.43084073012,23.8579654662,-21.2981024161,,-0.362724936384,0.931737581588,-0.00275623979424,0.0169735890164,"[0.02586090673543958, -0.005802182404259075, -0.0015145434063664324, 4.810332278415556e-06, -6.263559458070376e-06, 9.254368924951454e-05, -0.005802182404259075, 0.03170134884706999, 0.004788589599553406, 1.9526034674127906e-06, -3.57737588777724e-06, -3.89066020998296e-05, -0.0015145434063664324, 0.004788589599553406, 0.2136545776356524, -2.5119912697810963e-06, 3.9917521670387215e-06, 1.5743765961133924e-05, 4.810332278415556e-06, 1.9526034674127906e-06, -2.5119912697810963e-06, 4.842394647620124e-06, -3.8367738817052426e-07, 5.931692222598568e-07, -6.263559458070376e-06, -3.57737588777724e-06, 3.9917521670387215e-06, -3.8367738817052426e-07, 4.247293324308157e-06, -1.4065323792395738e-06, 9.254368924951454e-05, -3.89066020998296e-05, 1.5743765961133924e-05, 5.931692222598568e-07, -1.4065323792395738e-06, 0.00010699236397840496]",,,,0.128574680122,-0.456239300963,0.336772283001,,0.0305550892708,-0.0231757658449,0.0590002970222,"[0.000348605970938902, -4.1468749611149944e-05, 4.6599735772166446e-05, -4.506402338101164e-10, -1.409501514900658e-08, -3.498996812959039e-08, -4.1468749611149944e-05, 0.00020631292124959814, 4.529016970583771e-05, 1.0156958270282184e-08, 2.480021540091239e-09, -4.680320355649098e-09, 4.6599735772166446e-05, 4.529016970583771e-05, 0.0002003731097295946, 1.003037691481029e-09, -1.984505468313656e-09, 1.4235924312918428e-09, -4.506402338101164e-10, 1.0156958270282184e-08, 1.003037691481029e-09, 2.133428228453343e-09, -4.412438744551734e-12, -1.1575243712799592e-11, -1.409501514900658e-08, 2.480021540091239e-09, -1.984505468313656e-09, -4.412438744551734e-12, 2.111659454492182e-09, 7.586999581884524e-13, -3.498996812959039e-08, -4.680320355649098e-09, 1.4235924312918428e-09, -1.1575243712799592e-11, 7.586999581884524e-13, 2.128833313677718e-09]"
1402416390858833998,,192763,,1402416390,821022987,/enu,/imu,,,,5.43309966904,23.8538107096,-21.3014274317,,-0.362454259045,0.931837969702,-0.00284856745329,0.0172277097989,"[0.02586279420906271, -0.0058020179761843725, -0.0015099636985440577, 4.774804051755401e-06, -6.076220702380348e-06, 9.23880261203243e-05, -0.0058020179761843725, 0.031704298760093015, 0.004788475238027134, 1.6983146652406298e-06, -3.544787015541344e-06, -3.9035281657188324e-05, -0.0015099636985440577, 0.004788475238027134, 0.21367205753816013, -2.5184825240740576e-06, 4.011289725066581e-06, 1.574722532564612e-05, 4.774804051755401e-06, 1.6983146652406298e-06, -2.5184825240740576e-06, 4.882299663698423e-06, -3.8367454848108806e-07, 5.932076889069841e-07, -6.076220702380348e-06, -3.544787015541344e-06, 4.011289725066581e-06, -3.8367454848108806e-07, 4.28727568160588e-06, -1.4074189842755564e-06, 9.23880261203243e-05, -3.9035281657188324e-05, 1.574722532564612e-05, 5.932076889069841e-07, -1.4074189842755564e-06, 0.00010701737157987913]",,,,0.124200173219,-0.449970385033,0.341725904831,,0.0366297156297,-0.0401847206956,0.0599943144253,"[0.0003543514676566989, -4.218856938430908e-05, 4.650222041939904e-05, -4.4019627994932905e-10, -1.434651004517749e-08, -3.507233476764193e-08, -4.218856938430908e-05, 0.00021078403049919997, 4.550886058657845e-05, 1.0371917340359082e-08, 2.5141510490545073e-09, -4.6974348990796204e-09, 4.650222041939904e-05, 4.550886058657845e-05, 0.00020066280122312495, 1.0052788897662163e-09, -1.9702805165427343e-09, 1.4416845141931766e-09, -4.4019627994932905e-10, 1.0371917340359082e-08, 1.0052788897662163e-09, 2.133428206822521e-09, -4.412447323392419e-12, -1.1575405470968506e-11, -1.434651004517749e-08, 2.5141510490545073e-09, -1.9702805165427343e-09, -4.412447323392419e-12, 2.1116594298909357e-09, 7.588824653300189e-13, -3.507233476764193e-08, -4.6974348990796204e-09, 1.4416845141931766e-09, -1.1575405470968506e-11, 7.588824653300189e-13, 2.1288292344394267e-09]"
1402416390858862606,,192764,,1402416390,831024885,/enu,/imu,,,,5.43541172085,23.8495635017,-21.3046885887,,-0.362164632928,0.931956037723,-0.00283260564717,0.0169321809821,"[0.025864710881432294, -0.005801866364774233, -0.0015053274772426886, 4.738902496249068e-06, -5.8847312781255395e-06, 9.222990571147934e-05, -0.005801866364774233, 0.03170729973129959, 0.004788465453741125, 1.4393285483947903e-06, -3.511826824578354e-06, -3.916385613410851e-05, -0.0015053274772426886, 0.004788465453741125, 0.213689395567851, -2.5249299485718577e-06, 4.03080630217298e-06, 1.5750521415454707e-05, 4.738902496249068e-06, 1.4393285483947903e-06, -2.5249299485718577e-06, 4.92223352115365e-06, -3.836716864814649e-07, 5.93247057725917e-07, -5.8847312781255395e-06, -3.511826824578354e-06, 4.03080630217298e-06, -3.836716864814649e-07, 4.327287909768277e-06, -1.4083157661213537e-06, 9.222990571147934e-05, -3.916385613410851e-05, 1.5750521415454707e-05, 5.93247057725917e-07, -1.4083157661213537e-06, 0.00010704240315270986]",,,,0.125927459188,-0.455611256186,0.342873444691,,-0.0233434196913,0.05446901185,0.0648540034466,"[0.0003601024461730154, -4.299430793498251e-05, 4.652488163316577e-05, -4.2993305622873197e-10, -1.4598157591009513e-08, -3.515646131743873e-08, -4.299430793498251e-05, 0.00021529149249028976, 4.56915450596496e-05, 1.0588471540875466e-08, 2.5504633762920625e-09, -4.713769066696833e-09, 4.652488163316577e-05, 4.56915450596496e-05, 0.00020109565742041898, 1.0133787417008073e-09, -1.968063858712008e-09, 1.423753496826153e-09, -4.2993305622873197e-10, 1.0588471540875466e-08, 1.0133787417008073e-09, 2.1334281847700366e-09, -4.412456029259385e-12, -1.157556896720217e-11, -1.4598157591009513e-08, 2.5504633762920625e-09, -1.968063858712008e-09, -4.412456029259385e-12, 2.1116594048591343e-09, 7.590671592509642e-13, -3.515646131743873e-08, -4.713769066696833e-09, 1.423753496826153e-09, -1.157556896720217e-11, 7.590671592509642e-13, 2.1288251533018057e-09]"
1402416390858887139,,192765,,1402416390,842025041,/enu,/imu,,,,5.438941131,23.9045284201,-21.277256097,,-0.361038771558,0.932368255246,-0.00805413817398,0.0166003885493,"[0.025856728440654207, -0.005802495159585223, -0.0015061032968621475, 4.758967073548909e-06, -6.246121636857109e-06, 9.231579193830003e-05, -0.005802495159585223, 0.03169515274476027, 0.004797601647116922, 2.3826249368828257e-06, -3.5083883946690245e-06, -3.8957236043050875e-05, -0.0015061032968621475, 0.004797601647116922, 0.21364486006907696, -2.3466341009968978e-06, 3.817749348893514e-06, 1.5870529658444883e-05, 4.758967073548909e-06, 2.3826249368828257e-06, -2.3466341009968978e-06, 4.764761616868714e-06, -3.7711401156623937e-07, 5.307240049649353e-07, -6.246121636857109e-06, -3.5083883946690245e-06, 3.817749348893514e-06, -3.7711401156623937e-07, 4.160486069967977e-06, -1.3086683755828601e-06, 9.231579193830003e-05, -3.8957236043050875e-05, 1.5870529658444883e-05, 5.307240049649353e-07, -1.3086683755828601e-06, 0.00010701152861845213]",,,,0.0576689308454,-0.36038093888,0.319117851964,,0.0731920383821,-0.0803846752327,0.0606577527753,"[0.0003246559045270646, -4.5534574923012485e-05, 5.04715639995639e-05, -4.955113122965558e-10, -1.3501600590052213e-08, -2.980455269529132e-08, -4.5534574923012485e-05, 0.00019850130636470532, 4.3022260880075344e-05, 9.763853014969276e-09, 2.4831570784343346e-09, -8.932878337572353e-10, 5.04715639995639e-05, 4.3022260880075344e-05, 0.0001994236557362466, 7.179130682798364e-10, -2.26285331313848e-09, 1.0668593570513247e-09, -4.955113122965558e-10, 9.763853014969276e-09, 7.179130682798364e-10, 2.133374343358676e-09, -4.409024881302618e-12, -1.1563984679862273e-11, -1.3501600590052213e-08, 2.4831570784343346e-09, -2.26285331313848e-09, -4.409024881302618e-12, 2.1116027853638564e-09, 7.29445728013804e-13, -2.980455269529132e-08, -8.932878337572353e-10, 1.0668593570513247e-09, -1.1563984679862273e-11, 7.29445728013804e-13, 2.1288033125414748e-09]"
1402416390858918903,,192766,,1402416390,851999044,/enu,/imu,,,,5.44108724969,23.9013836882,-21.2802068562,,-0.360771746475,0.932476358911,-0.00808068715758,0.0163183795815,"[0.0258586000456206, -0.005802347972657981, -0.0015015008585219838, 4.724616411045624e-06, -6.0667114401483475e-06, 9.216555822062053e-05, -0.005802347972657981, 0.03169800232867439, 0.004797433524151422, 2.137119764604905e-06, -3.476728167413941e-06, -3.908159663873684e-05, -0.0015015008585219838, 0.004797433524151422, 0.2136624430108368, -2.352794771218284e-06, 3.837001719052839e-06, 1.587416461347471e-05, 4.724616411045624e-06, 2.137119764604905e-06, -2.352794771218284e-06, 4.804477377008564e-06, -3.771108094612517e-07, 5.307685182400311e-07, -6.0667114401483475e-06, -3.476728167413941e-06, 3.837001719052839e-06, -3.771108094612517e-07, 4.200275639701264e-06, -1.3095429838872048e-06, 9.216555822062053e-05, -3.908159663873684e-05, 1.587416461347471e-05, 5.307685182400311e-07, -1.3095429838872048e-06, 0.00010703628299769147]",,,,0.0542280494251,-0.36113824244,0.337795551529,,-0.014613933039,0.0554660724445,0.0596637103708,"[0.00033005919652208106, -4.632324175894573e-05, 5.055395435749752e-05, -4.869147218681997e-10, -1.3745887651449714e-08, -2.987875131429983e-08, -4.632324175894573e-05, 0.00020276567265841133, 4.312030912088471e-05, 9.973988262615911e-09, 2.5181710151788384e-09, -9.116449156708119e-10, 5.055395435749752e-05, 4.312030912088471e-05, 0.00019984323407518616, 7.212217167823972e-10, -2.2636571772629254e-09, 1.052369505840759e-09, -4.869147218681997e-10, 9.973988262615911e-09, 7.212217167823972e-10, 2.13337432235525e-09, -4.409033136010025e-12, -1.1564143503048475e-11, -1.3745887651449714e-08, 2.5181710151788384e-09, -2.2636571772629254e-09, -4.409033136010025e-12, 2.111602761351904e-09, 7.296290825391277e-13, -2.987875131429983e-08, -9.116449156708119e-10, 1.052369505840759e-09, -1.1564143503048475e-11, 7.296290825391277e-13, 2.1287992176774234e-09]"
1402416390898805491,,192767,,1402416390,861994028,/enu,/imu,,,,5.44339650551,23.8984193112,-21.2836477577,,-0.360529450236,0.932565070427,-0.00809348014429,0.0165951954435,"[0.02586043868980279, -0.005802211427918771, -0.0014968459949096728, 4.689827314633064e-06, -5.882919835684448e-06, 9.20137042881753e-05, -0.005802211427918771, 0.03170089242142714, 0.004797490467818046, 1.8864776635492787e-06, -3.4446449886458005e-06, -3.920625438279279e-05, -0.0014968459949096728, 0.004797490467818046, 0.21367948230380568, -2.3589762735398518e-06, 3.856296664549946e-06, 1.5877477048567367e-05, 4.689827314633064e-06, 1.8864776635492787e-06, -2.3589762735398518e-06, 4.844359168672262e-06, -3.771075848356275e-07, 5.30813797018621e-07, -5.882919835684448e-06, -3.4446449886458005e-06, 3.856296664549946e-06, -3.771075848356275e-07, 4.240232236318954e-06, -1.3104277576203201e-06, 9.20137042881753e-05, -3.920625438279279e-05, 1.5877477048567367e-05, 5.30813797018621e-07, -1.3104277576203201e-06, 0.00010706120032749661]",,,,0.056987547474,-0.360997030019,0.321028977566,,0.0231592008626,-0.0500115398672,0.0545831002121,"[0.00033567894560839867, -4.705003712155802e-05, 5.0512464633459894e-05, -4.778220643485714e-10, -1.39948659078176e-08, -2.9952025237282477e-08, -4.705003712155802e-05, 0.00020715033044390872, 4.326765926173776e-05, 1.0186519546759055e-08, 2.551951499523628e-09, -9.312740257155636e-10, 5.0512464633459894e-05, 4.326765926173776e-05, 0.00020012544103607623, 7.212128436941568e-10, -2.250829220968529e-09, 1.0696969130266156e-09, -4.778220643485714e-10, 1.0186519546759055e-08, 7.212128436941568e-10, 2.13337430094291e-09, -4.409041421105821e-12, -1.1564304006571174e-11, -1.39948659078176e-08, 2.551951499523628e-09, -2.250829220968529e-09, -4.409041421105821e-12, 2.1116027369135057e-09, 7.298145218167923e-13, -2.9952025237282477e-08, -9.312740257155636e-10, 1.0696969130266156e-09, -1.1564304006571174e-11, 7.298145218167923e-13, 2.1287951209120606e-09]"
1402416390898822367,,192768,,1402416390,872997045,/enu,/imu,,,,5.44576961235,23.8950954838,-21.2871979134,,-0.360232636169,0.932677337732,-0.00815718157454,0.016700057125,"[0.02586257031718009, -0.005802058796703807, -0.0014917432951491018, 4.6510862785371585e-06, -5.675823376698354e-06, 9.184228860907222e-05, -0.005802058796703807, 0.031704139170587474, 0.004797396092354911, 1.6052603095328907e-06, -3.4089401946139375e-06, -3.934518543257898e-05, -0.0014917432951491018, 0.004797396092354911, 0.2136987437182849, -2.365601195986366e-06, 3.8775667991948255e-06, 1.5881607015754718e-05, 4.6510862785371585e-06, 1.6052603095328907e-06, -2.365601195986366e-06, 4.892710737111977e-06, -3.771046396996794e-07, 5.308519011836981e-07, -5.675823376698354e-06, -3.4089401946139375e-06, 3.8775667991948255e-06, -3.771046396996794e-07, 4.288659345697642e-06, -1.3113238969261711e-06, 9.184228860907222e-05, -3.934518543257898e-05, 1.5881607015754718e-05, 5.308519011836981e-07, -1.3113238969261711e-06, 0.00010709468646874317]",,,,0.0497770259115,-0.355106626454,0.343009432917,,0.0185203941726,-0.0127906436791,0.0598845800942,"[0.0003419686546388617, -4.788749007268073e-05, 5.051656548337656e-05, -4.6722854271778e-10, -1.4270610775762362e-08, -3.0033286173702324e-08, -4.788749007268073e-05, 0.0002121170030466884, 4.3406431522510424e-05, 1.0423288847032566e-08, 2.590436891468142e-09, -9.509035042411047e-10, 5.051656548337656e-05, 4.3406431522510424e-05, 0.00020052208273470078, 7.212224225605373e-10, -2.2422580010213868e-09, 1.0765607248647383e-09, -4.6722854271778e-10, 1.0423288847032566e-08, 7.212224225605373e-10, 2.1333742790355294e-09, -4.409049875373733e-12, -1.1564466220185876e-11, -1.4270610775762362e-08, 2.590436891468142e-09, -2.2422580010213868e-09, -4.409049875373733e-12, 2.111602712082453e-09, 7.300021169230892e-13, -3.0033286173702324e-08, -9.509035042411047e-10, 1.0765607248647383e-09, -1.1564466220185876e-11, 7.300021169230892e-13, 2.128791022074263e-09]"
