rosbagTimestamp,header,seq,stamp,secs,nsecs,frame_id,child_frame_id,pose,pose,position,x,y,z,orientation,x,y,z,w,covariance,twist,twist,linear,x,y,z,angular,x,y,z,covariance
1402416390703100702,,238922,,1402416390,666102886,/enu,/base_link,,,,5.4667448366,24.035711016,-21.2867298798,,0.015709041211,-0.00307031005101,-0.930319264478,0.366401235479,"[0.025846788383466775, -0.005791653974128529, -0.0015635559298008467, 4.966827568646797e-06, -6.658446496474157e-06, 8.44304372385085e-05, -0.005791653974128529, 0.031698545693768086, 0.004764266700271357, 1.463801203082028e-06, -4.031423530010995e-06, -2.835818930255524e-05, -0.0015635559298008467, 0.004764266700271357, 0.21359337804989548, -2.5565243121337064e-06, 3.982368203198558e-06, 1.555316694757581e-05, 4.966827568646797e-06, 1.463801203082028e-06, -2.5565243121337064e-06, 4.866889169264448e-06, -4.059551195616243e-07, 7.835551024129324e-07, -6.658446496474157e-06, -4.031423530010995e-06, 3.982368203198558e-06, -4.059551195616243e-07, 4.307237780734856e-06, -1.7042590069547132e-06, 8.44304372385085e-05, -2.835818930255524e-05, 1.555316694757581e-05, 7.835551024129324e-07, -1.7042590069547132e-06, 0.00010679670505836973]",,,,0.10531814075,0.439594898075,-0.382436769863,,0.0147619693358,-0.0138254117129,-0.0734697597984,"[0.00035434886644755963, 4.222878294928462e-05, -4.7299909784074935e-05, -3.5611137243654376e-10, 1.4679827367303714e-08, 3.4333181003039963e-08, 4.222878294928462e-05, 0.00020651682166076754, 4.423648140970244e-05, -1.0502183291359969e-08, 2.417438913276738e-09, -3.981859099729353e-09, -4.7299909784074935e-05, 4.423648140970244e-05, 0.0001989826165176319, -9.375492269483856e-10, -1.8552193631603765e-09, 1.2737494272020713e-09, -3.5611137243654376e-10, -1.0502183291359969e-08, -9.375492269483856e-10, 2.133593114782633e-09, 4.423933662099419e-12, 1.16102331756479e-11, 1.4679827367303714e-08, 2.417438913276738e-09, -1.8552193631603765e-09, 4.423933662099419e-12, 2.1118330172634553e-09, 8.476505143433786e-13, 3.4333181003039963e-08, -3.981859099729353e-09, 1.2737494272020713e-09, 1.16102331756479e-11, 8.476505143433786e-13, 2.128944859658593e-09]"
1402416390703118192,,238923,,1402416390,676103115,/enu,/base_link,,,,5.46923819049,24.0317211749,-21.2904691147,,0.0157440530787,-0.00297342718214,-0.930445368153,0.366080183029,"[0.025848733984348927, -0.005791451966424425, -0.0015590093907835137, 4.929613655481199e-06, -6.464023073642875e-06, 8.427749344434965e-05, -0.005791451966424425, 0.03170160160829422, 0.004764229153893472, 1.2037933381309003e-06, -3.9980942576050015e-06, -2.848242466576853e-05, -0.0015590093907835137, 0.004764229153893472, 0.21361040166283288, -2.5610800267767657e-06, 3.998579766998642e-06, 1.555649865413566e-05, 4.929613655481199e-06, 1.2037933381309003e-06, -2.5610800267767657e-06, 4.9068103750801634e-06, -4.059532648914788e-07, 7.835686147268091e-07, -6.464023073642875e-06, -3.9980942576050015e-06, 3.998579766998642e-06, -4.059532648914788e-07, 4.347241239715646e-06, -1.7051124969603473e-06, 8.427749344434965e-05, -2.848242466576853e-05, 1.555649865413566e-05, 7.835686147268091e-07, -1.7051124969603473e-06, 0.00010682194720331139]",,,,0.107644601815,0.446803809295,-0.37685477718,,-0.0143962404771,0.0130133940501,-0.0718130305243,"[0.0003602102422463157, 4.298392353570729e-05, -4.7257722405113856e-05, -3.41704837130761e-10, 1.4934798764786322e-08, 3.443350614246727e-08, 4.298392353570729e-05, 0.0002109917948249777, 4.443028229220334e-05, -1.0718318107595536e-08, 2.454276300810988e-09, -4.000150771140764e-09, -4.7257722405113856e-05, 4.443028229220334e-05, 0.0001993421038364941, -9.446374444373942e-10, -1.8444840495385539e-09, 1.280337585154788e-09, -3.41704837130761e-10, -1.0718318107595536e-08, -9.446374444373942e-10, 2.133593093488916e-09, 4.423942734712112e-12, 1.1610395396883805e-11, 1.4934798764786322e-08, 2.454276300810988e-09, -1.8444840495385539e-09, 4.423942734712112e-12, 2.1118329929585223e-09, 8.478199917973662e-13, 3.443350614246727e-08, -4.000150771140764e-09, 1.280337585154788e-09, 1.1610395396883805e-11, 8.478199917973662e-13, 2.128940837925174e-09]"
1402416390703127768,,238924,,1402416390,687102079,/enu,/base_link,,,,5.4829808946,24.0015152191,-21.2193462871,,0.0167893068839,-0.00191433903562,-0.930309495087,0.366385995683,"[0.025840735424100744, -0.005792340706042754, -0.0015596504922662801, 4.996646671977639e-06, -6.847021719015774e-06, 8.440229361526313e-05, -0.005792340706042754, 0.03168924811248328, 0.00477333092421085, 2.1611725167531618e-06, -4.007353273349387e-06, -2.829153548969042e-05, -0.0015596504922662801, 0.00477333092421085, 0.21356653406674883, -2.373159199013944e-06, 3.8056882050166566e-06, 1.566641230616328e-05, 4.996646671977639e-06, 2.1611725167531618e-06, -2.373159199013944e-06, 4.7494878443087e-06, -3.978586127896302e-07, 7.212923001669873e-07, -6.847021719015774e-06, -4.007353273349387e-06, 3.8056882050166566e-06, -3.978586127896302e-07, 4.177457048700208e-06, -1.603901098023788e-06, 8.440229361526313e-05, -2.829153548969042e-05, 1.566641230616328e-05, 7.212923001669873e-07, -1.603901098023788e-06, 0.00010679105345710023]",,,,0.136285503292,0.45524593515,-0.361128210678,,0.0657880676894,-0.0169164112559,-0.0708182704076,"[0.00033890419206213893, 3.803427305604042e-05, -4.59898100069572e-05, -4.224488144431663e-10, 1.3882339911449413e-08, 3.5073295094085115e-08, 3.803427305604042e-05, 0.00019498035968463083, 4.4462936645247035e-05, -9.881479944524868e-09, 2.3170100292104e-09, -5.555330470392204e-09, -4.59898100069572e-05, 4.4462936645247035e-05, 0.0001984619976136796, -9.884977301987457e-10, -1.7362899497046208e-09, 1.4388238737385512e-09, -4.224488144431663e-10, -9.881479944524868e-09, -9.884977301987457e-10, 2.1335389031061485e-09, 4.4200279520690074e-12, 1.1598082263889156e-11, 1.3882339911449413e-08, 2.3170100292104e-09, -1.7362899497046208e-09, 4.4200279520690074e-12, 2.1117757627395705e-09, 8.180334126000168e-13, 3.5073295094085115e-08, -5.555330470392204e-09, 1.4388238737385512e-09, 1.1598082263889156e-11, 8.180334126000168e-13, 2.128918894142506e-09]"
1402416390703268949,,238925,,1402416390,697078943,/enu,/base_link,,,,5.48523698372,23.9973251161,-21.2230125833,,0.0167408397136,-0.00172376489208,-0.930413282944,0.366125519244,"[0.02584263314867637, -0.005792162231926687, -0.001555132110793283, 4.961187347806235e-06, -6.664975164137832e-06, 8.42520895554103e-05, -0.005792162231926687, 0.031692121449464664, 0.004773188954776989, 1.9147454642174387e-06, -3.975516408394366e-06, -2.8411880689662317e-05, -0.001555132110793283, 0.004773188954776989, 0.21358374218421616, -2.377175542453317e-06, 3.821640947063475e-06, 1.5669828153508747e-05, 4.961187347806235e-06, 1.9147454642174387e-06, -2.377175542453317e-06, 4.789227174613283e-06, -3.9785651204976365e-07, 7.213112990974177e-07, -6.664975164137832e-06, -3.975516408394366e-06, 3.821640947063475e-06, -3.9785651204976365e-07, 4.217274189833147e-06, -1.6047387516689622e-06, 8.42520895554103e-05, -2.8411880689662317e-05, 1.5669828153508747e-05, 7.213112990974177e-07, -1.6047387516689622e-06, 0.00010681605455421861]",,,,0.136036071461,0.463634770122,-0.350876173016,,-0.0381432769123,0.00451045415118,-0.0592212431495,"[0.00034444895447499174, 3.876330283218003e-05, -4.592160929320875e-05, -4.113524440070351e-10, 1.4129735541604367e-08, 3.5168036971526884e-08, 3.876330283218003e-05, 0.00019916942474277642, 4.467369620234672e-05, -1.0090509681452248e-08, 2.3514178547762218e-09, -5.576586581073528e-09, -4.592160929320875e-05, 4.467369620234672e-05, 0.00019885148775140567, -9.985274126441297e-10, -1.725154928764371e-09, 1.4410128858226105e-09, -4.113524440070351e-10, -1.0090509681452248e-08, -9.985274126441297e-10, 2.1335388831718522e-09, 4.4200365487178e-12, 1.1598239717478912e-11, 1.4129735541604367e-08, 2.3514178547762218e-09, -1.725154928764371e-09, 4.4200365487178e-12, 2.1117757395116532e-09, 8.182013952706599e-13, 3.5168036971526884e-08, -5.576586581073528e-09, 1.4410128858226105e-09, 1.1598239717478912e-11, 8.182013952706599e-13, 2.1289148581595856e-09]"
1402416390743273346,,238926,,1402416390,707073926,/enu,/base_link,,,,5.48752734369,23.993120141,-21.2265229444,,0.0167913748989,-0.00203126419004,-0.930527634354,0.36583089727,"[0.025844491553868528, -0.005791952006551154, -0.0015506116179287294, 4.925174508846995e-06, -6.478188678149277e-06, 8.409189806132347e-05, -0.005791952006551154, 0.03169507329001612, 0.00477311645399059, 1.6629937304994224e-06, -3.943147494826543e-06, -2.8537898082469514e-05, -0.0015506116179287294, 0.00477311645399059, 0.21360071828442803, -2.3808493161365166e-06, 3.837776280369128e-06, 1.5673273292913362e-05, 4.925174508846995e-06, 1.6629937304994224e-06, -2.3808493161365166e-06, 4.8291096894407095e-06, -3.978543999126963e-07, 7.213310357107497e-07, -6.478188678149277e-06, -3.943147494826543e-06, 3.837776280369128e-06, -3.978543999126963e-07, 4.257235554173209e-06, -1.6055864936506619e-06, 8.409189806132347e-05, -2.8537898082469514e-05, 1.5673273292913362e-05, 7.213310357107497e-07, -1.6055864936506619e-06, 0.00010684119540743661]",,,,0.135647272043,0.456635516921,-0.348152460354,,0.0620328426071,-0.0136029792487,-0.064743618326,"[0.0003500776533897677, 3.947099643896903e-05, -4.591850751558899e-05, -3.9962775624947366e-10, 1.4378996936225511e-08, 3.5263634940750525e-08, 3.947099643896903e-05, 0.00020354318947640582, 4.487469423795611e-05, -1.0302888986078604e-08, 2.3849203124768505e-09, -5.594585432222654e-09, -4.591850751558899e-05, 4.487469423795611e-05, 0.00019916961361087502, -9.985851843578362e-10, -1.7188117708963402e-09, 1.4421443262575506e-09, -3.9962775624947366e-10, -1.0302888986078604e-08, -9.985851843578362e-10, 2.1335388624528523e-09, 4.42004526559193e-12, 1.1598398733027337e-11, 1.4378996936225511e-08, 2.3849203124768505e-09, -1.7188117708963402e-09, 4.42004526559193e-12, 2.1117757158125726e-09, 8.183715171925642e-13, 3.5263634940750525e-08, -5.594585432222654e-09, 1.4421443262575506e-09, 1.1598398733027337e-11, 8.183715171925642e-13, 2.1289108205596925e-09]"
1402416390743298595,,238927,,1402416390,718076944,/enu,/base_link,,,,5.48989078515,23.9882805289,-21.230133316,,0.0168259255947,-0.00202102266963,-0.930652455288,0.365511711388,"[0.025846664810703718, -0.005791737822852386, -0.0015456784476579992, 4.885150718214474e-06, -6.267328559773768e-06, 8.391987663047452e-05, -0.005791737822852386, 0.03169839109250571, 0.004773061247501522, 1.3799352525819143e-06, -3.907109445362716e-06, -2.8676621953170295e-05, -0.0015456784476579992, 0.004773061247501522, 0.21361941674969268, -2.3847554601201074e-06, 3.855152472724681e-06, 1.567719658172141e-05, 4.885150718214474e-06, 1.3799352525819143e-06, -2.3847554601201074e-06, 4.877461954686899e-06, -3.9785258193727073e-07, 7.213440311954107e-07, -6.267328559773768e-06, -3.907109445362716e-06, 3.855152472724681e-06, -3.9785258193727073e-07, 4.305667541789297e-06, -1.6064463137256643e-06, 8.391987663047452e-05, -2.8676621953170295e-05, 1.567719658172141e-05, 7.213440311954107e-07, -1.6064463137256643e-06, 0.00010687490488171991]",,,,0.136806769384,0.455889083044,-0.354511614309,,0.00150746887644,0.00605672181195,-0.0638600275516,"[0.00035644444641633037, 4.028008798655638e-05, -4.585357392508562e-05, -3.862089263487421e-10, 1.4656259621004388e-08, 3.536855805372174e-08, 4.028008798655638e-05, 0.00020843661755845811, 4.5105913615321305e-05, -1.053852617561502e-08, 2.423512982611309e-09, -5.61514840292765e-09, -4.585357392508562e-05, 4.5105913615321305e-05, 0.00019960002162931498, -1.0050936190876207e-09, -1.7071819546177115e-09, 1.4475218979644582e-09, -3.862089263487421e-10, -1.053852617561502e-08, -1.0050936190876207e-09, 2.133538841307343e-09, 4.4200540843881016e-12, 1.1598559759874118e-11, 1.4656259621004388e-08, 2.423512982611309e-09, -1.7071819546177115e-09, 4.4200540843881016e-12, 2.111775691754461e-09, 8.185437846463788e-13, 3.536855805372174e-08, -5.61514840292765e-09, 1.4475218979644582e-09, 1.1598559759874118e-11, 8.185437846463788e-13, 2.1289067809524674e-09]"
1402416390743317657,,238928,,1402416390,728065967,/enu,/base_link,,,,5.49219422687,23.9840815638,-21.2337509957,,0.0167538477437,-0.00201194072207,-0.930770503835,0.365214361536,"[0.02584860886129965, -0.005791551691474415, -0.0015410662606389109, 4.848398618477679e-06, -6.072229337089052e-06, 8.376079143670962e-05, -0.005791551691474415, 0.03170143844984655, 0.0047729575190918515, 1.1187216192790666e-06, -3.873992638925535e-06, -2.8801542599275756e-05, -0.0015410662606389109, 0.0047729575190918515, 0.2136366897518122, -2.3886305827876276e-06, 3.8711942745207386e-06, 1.5680541719860097e-05, 4.848398618477679e-06, 1.1187216192790666e-06, -2.3886305827876276e-06, 4.917293033874837e-06, -3.978504325184005e-07, 7.213657238979443e-07, -6.072229337089052e-06, -3.873992638925535e-06, 3.8711942745207386e-06, -3.978504325184005e-07, 4.345579800958426e-06, -1.607316427776144e-06, 8.376079143670962e-05, -2.8801542599275756e-05, 1.5680541719860097e-05, 7.213657238979443e-07, -1.607316427776144e-06, 0.00010689998090858275]",,,,0.136267433792,0.462844020739,-0.355467384609,,-0.00589253173631,-0.0132716370264,-0.0665107612514,"[0.0003622685745069635, 4.103708809392346e-05, -4.581985872459711e-05, -3.737247768740496e-10, 1.4909732036769346e-08, 3.5464276298656374e-08, 4.103708809392346e-05, 0.00021292573022996345, 4.530857657262903e-05, -1.0754603066042694e-08, 2.459249106672962e-09, -5.633473558935198e-09, -4.581985872459711e-05, 4.530857657262903e-05, 0.00019997820374803623, -1.011802167142424e-09, -1.6991418043709983e-09, 1.4451424988266888e-09, -3.737247768740496e-10, -1.0754603066042694e-08, -1.011802167142424e-09, 2.1335388197196968e-09, 4.420063047942183e-12, 1.1598722367776265e-11, 1.4909732036769346e-08, 2.459249106672962e-09, -1.6991418043709983e-09, 4.420063047942183e-12, 2.1117756671721808e-09, 8.187183719844976e-13, 3.5464276298656374e-08, -5.633473558935198e-09, 1.4451424988266888e-09, 1.1598722367776265e-11, 8.187183719844976e-13, 2.1289027394430214e-09]"
1402416390782826290,,238929,,1402416390,738105058,/enu,/base_link,,,,5.49686228451,23.9678690512,-21.2107190748,,0.0172100062172,-0.00123805609866,-0.930703912688,0.365366268024,"[0.02584042752263212, -0.005792386623579875, -0.0015421163753804898, 4.901004259750651e-06, -6.470618547727213e-06, 8.390250838949051e-05, -0.005792386623579875, 0.03168882266379093, 0.004782131006737836, 2.1026107617671607e-06, -3.878601305193456e-06, -2.8562187957610083e-05, -0.0015421163753804898, 0.004782131006737836, 0.21359085752057078, -2.2092899924411655e-06, 3.674053628454525e-06, 1.5795829331636053e-05, 4.901004259750651e-06, 2.1026107617671607e-06, -2.2092899924411655e-06, 4.751095020633403e-06, -3.902841256287853e-07, 6.551661973705246e-07, -6.470618547727213e-06, -3.878601305193456e-06, 3.674053628454525e-06, -3.902841256287853e-07, 4.16781815021811e-06, -1.5013107171003121e-06, 8.390250838949051e-05, -2.8562187957610083e-05, 1.5795829331636053e-05, 6.551661973705246e-07, -1.5013107171003121e-06, 0.00010685390834685546]",,,,0.15155215038,0.47718878694,-0.355418373535,,-0.0447703508483,-0.039557274195,-0.0675042788959,"[0.0003389017859124761, 3.706801347051147e-05, -4.53103300250122e-05, -4.5254643713614383e-10, 1.3847741303179449e-08, 3.5272062488169155e-08, 3.706801347051147e-05, 0.00019662379454099565, 4.4901959298056785e-05, -9.91421715873782e-09, 2.335354686060941e-09, -6.5902066791111546e-09, -4.53103300250122e-05, 4.4901959298056785e-05, 0.0001990610403546924, -1.0204655720930732e-09, -1.6472297691293419e-09, 1.516826405143378e-09, -4.5254643713614383e-10, -9.91421715873782e-09, -1.0204655720930732e-09, 2.133484534916575e-09, 4.416297066838692e-12, 1.1586234752767186e-11, 1.3847741303179449e-08, 2.335354686060941e-09, -1.6472297691293419e-09, 4.416297066838692e-12, 2.111718402384884e-09, 7.873029687117925e-13, 3.5272062488169155e-08, -6.5902066791111546e-09, 1.516826405143378e-09, 1.1586234752767186e-11, 7.873029687117925e-13, 2.1288789655403996e-09]"
1402416390822842973,,238930,,1402416390,749052047,/enu,/base_link,,,,5.49901584693,23.9630392339,-21.214440783,,0.0174856757993,-0.00155863170031,-0.930817746701,0.365061836182,"[0.02584249782796717, -0.005792181668656955, -0.0015372137024067974, 4.862535575361434e-06, -6.269535663482353e-06, 8.373645965940812e-05, -0.005792181668656955, 0.03169194762410529, 0.0047820292084389095, 1.8303073362528832e-06, -3.843784459494157e-06, -2.8699465727812006e-05, -0.0015372137024067974, 0.0047820292084389095, 0.21360969206182243, -2.2128333170571458e-06, 3.691270977734941e-06, 1.5799776498680705e-05, 4.862535575361434e-06, 1.8303073362528832e-06, -2.2128333170571458e-06, 4.798958293765618e-06, -3.9028198737844636e-07, 6.55186778231122e-07, -6.269535663482353e-06, -3.843784459494157e-06, 3.691270977734941e-06, -3.9028198737844636e-07, 4.215757635146959e-06, -1.5021647982056365e-06, 8.373645965940812e-05, -2.8699465727812006e-05, 1.5799776498680705e-05, 6.55186778231122e-07, -1.5021647982056365e-06, 0.00010688706032418703]",,,,0.160364752771,0.463650231965,-0.336978197791,,0.0739609927155,0.0250546660923,-0.0607669522502,"[0.0003450335937533597, 3.7810571461639815e-05, -4.5227969939357475e-05, -4.4109244233971493e-10, 1.4118780178912829e-08, 3.53701842552635e-08, 3.7810571461639815e-05, 0.00020139278057675994, 4.514992717451777e-05, -1.0145017245997345e-08, 2.370944262699932e-09, -6.609730372546957e-09, -4.5227969939357475e-05, 4.514992717451777e-05, 0.0001993991484194558, -1.019914777779335e-09, -1.633917360254366e-09, 1.5344255623830349e-09, -4.4109244233971493e-10, -1.0145017245997345e-08, -1.019914777779335e-09, 2.1334845143000087e-09, 4.416305489474344e-12, 1.158639268134333e-11, 1.4118780178912829e-08, 2.370944262699932e-09, -1.633917360254366e-09, 4.416305489474344e-12, 2.1117183788036214e-09, 7.874761700556838e-13, 3.53701842552635e-08, -6.609730372546957e-09, 1.5344255623830349e-09, 1.158639268134333e-11, 7.874761700556838e-13, 2.12887491040089e-09]"
1402416390822873921,,238931,,1402416390,759099960,/enu,/base_link,,,,5.50133353823,23.9585267931,-21.2179328657,,0.0174536621807,-0.00155443539289,-0.930928992955,0.364779609467,"[0.025844399935457375, -0.00579200989112739, -0.0015326198887691028, 4.8268254039897114e-06, -6.081210483621461e-06, 8.358506779521236e-05, -0.00579200989112739, 0.03169489577723863, 0.0047819575640949035, 1.5759842197447995e-06, -3.8115037800146562e-06, -2.8818763601867346e-05, -0.0015326198887691028, 0.0047819575640949035, 0.21362700031765697, -2.216514874508475e-06, 3.707102720451087e-06, 1.5803251080833592e-05, 4.8268254039897114e-06, 1.5759842197447995e-06, -2.216514874508475e-06, 4.839264968332808e-06, -3.9027954229111506e-07, 6.552150793702923e-07, -6.081210483621461e-06, -3.8115037800146562e-06, 3.707102720451087e-06, -3.9027954229111506e-07, 4.256141940594384e-06, -1.5030292028651848e-06, 8.358506779521236e-05, -2.8818763601867346e-05, 1.5803251080833592e-05, 6.552150793702923e-07, -1.5030292028651848e-06, 0.0001069125553468313]",,,,0.154944561431,0.470056572691,-0.34866120433,,-0.0020270681217,-0.00609160326601,-0.0628654469361,"[0.000350697588846429, 3.855178009410978e-05, -4.5166128606746815e-05, -4.304088215374768e-10, 1.436930096263315e-08, 3.5460663505530185e-08, 3.855178009410978e-05, 0.00020575808254964274, 4.5364045300115426e-05, -1.0358520567332095e-08, 2.40563279519701e-09, -6.628110661751767e-09, -4.5166128606746815e-05, 4.5364045300115426e-05, 0.0001997730258293875, -1.0266168075403557e-09, -1.6241878282016142e-09, 1.5346811741342315e-09, -4.304088215374768e-10, -1.0358520567332095e-08, -1.0266168075403557e-09, 2.133484493481574e-09, 4.4163140545614755e-12, 1.158655262001476e-11, 1.436930096263315e-08, 2.40563279519701e-09, -1.6241878282016142e-09, 4.4163140545614755e-12, 2.1117183548718933e-09, 7.87651726419965e-13, 3.5460663505530185e-08, -6.628110661751767e-09, 1.5346811741342315e-09, 1.158655262001476e-11, 7.87651726419965e-13, 2.1288708526667585e-09]"
1402416390822919408,,238932,,1402416390,769038915,/enu,/base_link,,,,5.50363238761,23.9541601821,-21.2215478337,,0.017469177113,-0.00163064963013,-0.931028679265,0.364524028314,"[0.025846410166743484, -0.005791772230250508, -0.001528157151573807, 4.791153939907355e-06, -5.891145227863227e-06, 8.343460945062133e-05, -0.005791772230250508, 0.03169791622730454, 0.0047818559903864705, 1.3200537522692053e-06, -3.7791910844865777e-06, -2.8938938390888665e-05, -0.001528157151573807, 0.0047818559903864705, 0.21364403922658665, -2.220222108563185e-06, 3.7228691429678474e-06, 1.5806657224426734e-05, 4.791153939907355e-06, 1.3200537522692053e-06, -2.220222108563185e-06, 4.8786983448701505e-06, -3.9027704308655183e-07, 6.552451248251612e-07, -5.891145227863227e-06, -3.7791910844865777e-06, 3.7228691429678474e-06, -3.9027704308655183e-07, 4.295654018887556e-06, -1.50390365934395e-06, 8.343460945062133e-05, -2.8938938390888665e-05, 1.5806657224426734e-05, 6.552451248251612e-07, -1.50390365934395e-06, 0.00010693716039951817]",,,,0.159933877193,0.473030372582,-0.353241424781,,0.0164177075339,-0.00310951415973,-0.0574534937856,"[0.0003563974835865678, 3.92748484558992e-05, -4.510237163021047e-05, -4.201050247120616e-10, 1.4619415845662127e-08, 3.554991501538819e-08, 3.92748484558992e-05, 0.0002101681906506853, 4.557865975855198e-05, -1.0572044290977388e-08, 2.4391041517671676e-09, -6.6480452042070395e-09, -4.510237163021047e-05, 4.557865975855198e-05, 0.00020011981897119065, -1.031454770652279e-09, -1.6144505767521173e-09, 1.5371407431540218e-09, -4.201050247120616e-10, -1.0572044290977388e-08, -1.031454770652279e-09, 2.1334844720434887e-09, 4.416322758506238e-12, 1.1586714085374988e-11, 1.4619415845662127e-08, 2.4391041517671676e-09, -1.6144505767521173e-09, 4.416322758506238e-12, 2.111718330477443e-09, 7.878294186698919e-13, 3.554991501538819e-08, -6.6480452042070395e-09, 1.5371407431540218e-09, 1.1586714085374988e-11, 7.878294186698919e-13, 2.128866793437725e-09]"
1402416390822979005,,238933,,1402416390,780039072,/enu,/base_link,,,,5.50563318458,23.9490880157,-21.2251173521,,0.0177909048147,-0.00185477512473,-0.931164023621,0.364161508989,"[0.02584856540514932, -0.005791596284868956, -0.001522987919635403, 4.7512614098304165e-06, -5.6750637860190775e-06, 8.326875267538352e-05, -0.005791596284868956, 0.03170124558716954, 0.004781750162911936, 1.0303975115028744e-06, -3.7428679841649513e-06, -2.9080849725204055e-05, -0.001522987919635403, 0.004781750162911936, 0.2136631509418413, -2.224046949161021e-06, 3.7402393581794186e-06, 1.5810551121092372e-05, 4.7512614098304165e-06, 1.0303975115028744e-06, -2.224046949161021e-06, 4.927023343043914e-06, -3.902748488653038e-07, 6.552677766294753e-07, -5.6750637860190775e-06, -3.7428679841649513e-06, 3.7402393581794186e-06, -3.902748488653038e-07, 4.344058537869501e-06, -1.504790170364624e-06, 8.326875267538352e-05, -2.9080849725204055e-05, 1.5810551121092372e-05, 6.552677766294753e-07, -1.504790170364624e-06, 0.00010697076160447548]",,,,0.162153475588,0.463132987115,-0.338597221004,,0.0604863640032,0.0390815303942,-0.0720325853384,"[0.000362888244621224, 4.0064735908659444e-05, -4.498007102615725e-05, -4.062530121151992e-10, 1.489870859784499e-08, 3.564923255990735e-08, 4.0064735908659444e-05, 0.00021524700915022776, 4.5819951256672326e-05, -1.0810996099040664e-08, 2.4779557659815892e-09, -6.663524787900111e-09, -4.498007102615725e-05, 4.5819951256672326e-05, 0.00020046018388921995, -1.0315802888005055e-09, -1.5980650481222474e-09, 1.559558973064234e-09, -4.062530121151992e-10, -1.0810996099040664e-08, -1.0315802888005055e-09, 2.133484450314397e-09, 4.416331531359655e-12, 1.1586877234198428e-11, 1.489870859784499e-08, 2.4779557659815892e-09, -1.5980650481222474e-09, 4.416331531359655e-12, 2.1117183057316094e-09, 7.880091985626208e-13, 3.564923255990735e-08, -6.663524787900111e-09, 1.559558973064234e-09, 1.1586877234198428e-11, 7.880091985626208e-13, 2.128862732133338e-09]"
1402416390862855792,,238934,,1402416390,790024995,/enu,/base_link,,,,5.5185019758,23.9542441009,-21.1877528958,,0.0164177596036,-0.00245737906833,-0.931514990189,0.363323879633,"[0.025840281913673817, -0.00579230157507638, -0.0015241379304774287, 4.7921590676653405e-06, -6.090548191010848e-06, 8.337262123776312e-05, -0.00579230157507638, 0.03168860689339024, 0.004790912228770276, 2.0341195724565033e-06, -3.734532362844605e-06, -2.8825220934600285e-05, -0.0015241379304774287, 0.004790912228770276, 0.21361729593613807, -2.0473712369318624e-06, 3.533130445990141e-06, 1.5917961710291237e-05, 4.7921590676653405e-06, 2.0341195724565033e-06, -2.0473712369318624e-06, 4.754144213392263e-06, -3.836826585835822e-07, 5.931023060854031e-07, -6.090548191010848e-06, -3.734532362844605e-06, 3.533130445990141e-06, -3.836826585835822e-07, 4.158891951292343e-06, -1.4047923194215643e-06, 8.337262123776312e-05, -2.8825220934600285e-05, 1.5917961710291237e-05, 5.931023060854031e-07, -1.4047923194215643e-06, 0.0001069337842539971]",,,,0.122065456956,0.472389167031,-0.352729875565,,-0.0283135667027,-0.0501615471723,-0.0697137556503,"[0.0003368144784455053, 3.997723369561153e-05, -4.676515031277436e-05, -4.718545503461005e-10, 1.3785417301991705e-08, 3.481624206303687e-08, 3.997723369561153e-05, 0.00019713534820574034, 4.482926825316659e-05, -9.927492457880708e-09, 2.4082844342954707e-09, -4.9245987210111185e-09, -4.676515031277436e-05, 4.482926825316659e-05, 0.00019973796540712573, -9.98833423844523e-10, -1.7383426591307052e-09, 1.386174996053107e-09, -4.718545503461005e-10, -9.927492457880708e-09, -9.98833423844523e-10, 2.1334282703167834e-09, 4.412422004212651e-12, 1.1574925586599603e-11, 1.3785417301991705e-08, 2.4082844342954707e-09, -1.7383426591307052e-09, 4.412422004212651e-12, 2.1116595023811775e-09, 7.583417661359909e-13, 3.481624206303687e-08, -4.9245987210111185e-09, 1.386174996053107e-09, 1.1574925586599603e-11, 7.583417661359909e-13, 2.1288414657587877e-09]"
1402416390862887254,,238935,,1402416390,800024986,/enu,/base_link,,,,5.52072811337,23.9498299394,-21.190806752,,0.0167932338134,-0.00265175043645,-0.931626938945,0.363018184323,"[0.0258422185423673, -0.005792137054274138, -0.0015196684430468957, 4.757470790087192e-06, -5.907146019173449e-06, 8.323050907043445e-05, -0.005792137054274138, 0.031691453645734044, 0.004790882007846231, 1.7848442313513684e-06, -3.70277939809316e-06, -2.8950509768086988e-05, -0.0015196684430468957, 0.004790882007846231, 0.21363439620305563, -2.05096421369351e-06, 3.549050416667118e-06, 1.5921278416839502e-05, 4.757470790087192e-06, 1.7848442313513684e-06, -2.05096421369351e-06, 4.7940682418156875e-06, -3.836798821759501e-07, 5.93139276515654e-07, -5.907146019173449e-06, -3.70277939809316e-06, 3.549050416667118e-06, -3.836798821759501e-07, 4.1988910571310925e-06, -1.4056563902042518e-06, 8.323050907043445e-05, -2.8950509768086988e-05, 1.5921278416839502e-05, 5.93139276515654e-07, -1.4056563902042518e-06, 0.00010695882387179941]",,,,0.136514322784,0.462446000089,-0.312211849583,,0.0645730005459,0.0553160650651,-0.0671734441297,"[0.0003423720727505476, 4.06711813419166e-05, -4.667431249289516e-05, -4.610938091418572e-10, 1.4032387938266852e-08, 3.489884434101596e-08, 4.06711813419166e-05, 0.00020146130474707924, 4.5054456840411115e-05, -1.0137982107767218e-08, 2.4422331218813346e-09, -4.9389379077174235e-09, -4.667431249289516e-05, 4.5054456840411115e-05, 0.00019998933154887809, -9.99044010023709e-10, -1.723043595692749e-09, 1.4106776103179337e-09, -4.610938091418572e-10, -1.0137982107767218e-08, -9.99044010023709e-10, 2.13342824979376e-09, 4.412430356161428e-12, 1.1575083833147718e-11, 1.4032387938266852e-08, 2.4422331218813346e-09, -1.723043595692749e-09, 4.412430356161428e-12, 2.1116594785904754e-09, 7.58519822652287e-13, 3.489884434101596e-08, -4.9389379077174235e-09, 1.4106776103179337e-09, 1.1575083833147718e-11, 7.58519822652287e-13, 2.1288373907060773e-09]"
1402416390862908646,,238936,,1402416390,811024904,/enu,/base_link,,,,5.52318972457,23.9451256938,-21.1943101166,,0.0169735890165,-0.00275623979398,-0.931737581585,0.36272493639,"[0.02584435749574077, -0.00579198012322271, -0.001514563649267566, 4.718805617140969e-06, -5.7001203048237826e-06, 8.307169140954299e-05, -0.00579198012322271, 0.03169471055723477, 0.004790774201463315, 1.5047793616675759e-06, -3.667451991063628e-06, -2.9086983488480846e-05, -0.001514563649267566, 0.004790774201463315, 0.2136534816045303, -2.0544688265125182e-06, 3.566053828219481e-06, 1.592536872193833e-05, 4.718805617140969e-06, 1.5047793616675759e-06, -2.0544688265125182e-06, 4.842394647627964e-06, -3.8367738816691065e-07, 5.931692223063396e-07, -5.7001203048237826e-06, -3.667451991063628e-06, 3.566053828219481e-06, -3.8367738816691065e-07, 4.247293324298902e-06, -1.4065323792820489e-06, 8.307169140954299e-05, -2.9086983488480846e-05, 1.592536872193833e-05, 5.931692223063396e-07, -1.4065323792820489e-06, 0.0001069923639783408]",,,,0.130892256712,0.46085383064,-0.333759433449,,0.0305550892708,0.0231757658449,-0.0590002970222,"[0.00034860881105848213, 4.146449392761185e-05, -4.659807441920351e-05, -4.5019899639117187e-10, 1.4306181102712147e-08, 3.49900439908216e-08, 4.146449392761185e-05, 0.0002063162271370974, 4.529040727500488e-05, -1.037180586839288e-08, 2.4794816711352615e-09, -4.958226209623643e-09, -4.659807441920351e-05, 4.529040727500488e-05, 0.0002003726294452288, -1.0024640744225288e-09, -1.709989744675927e-09, 1.4236910554134124e-09, -4.5019899639117187e-10, -1.037180586839288e-08, -1.0024640744225288e-09, 2.133428228430268e-09, 4.41243874652361e-12, 1.1575243669948943e-11, 1.4306181102712147e-08, 2.4794816711352615e-09, -1.709989744675927e-09, 4.41243874652361e-12, 2.111659454474347e-09, 7.58699945260722e-13, 3.49900439908216e-08, -4.958226209623643e-09, 1.4236910554134124e-09, 1.1575243669948943e-11, 7.58699945260722e-13, 2.128833313606534e-09]"
1402416390862952712,,238937,,1402416390,821022987,/enu,/base_link,,,,5.5254431922,23.9409151798,-21.1975834738,,0.0172277097991,-0.00284856745364,-0.931837969703,0.362454259043,"[0.02584632030888455, -0.005791814506318033, -0.0015100022221047995, 4.683287586032248e-06, -5.508411369325968e-06, 8.291965065164786e-05, -0.005791814506318033, 0.03169769032201223, 0.004790635235217385, 1.2460967846657357e-06, -3.6349177767262865e-06, -2.9213973390016735e-05, -0.0015100022221047995, 0.004790635235217385, 0.21367095768022462, -2.0577563319593284e-06, 3.581943938003495e-06, 1.592887254667243e-05, 4.683287586032248e-06, 1.2460967846657357e-06, -2.0577563319593284e-06, 4.882299663694387e-06, -3.836745484799127e-07, 5.932076888669619e-07, -5.508411369325968e-06, -3.6349177767262865e-06, 3.581943938003495e-06, -3.836745484799127e-07, 4.287275681606369e-06, -1.4074189842484942e-06, 8.291965065164786e-05, -2.9213973390016735e-05, 1.592887254667243e-05, 5.932076888669619e-07, -1.4074189842484942e-06, 0.00010701737157948547]",,,,0.128218645284,0.454106674343,-0.336501891131,,0.0366297156297,0.0401847206956,-0.0599943144253,"[0.000354354358075248, 4.21843053616007e-05, -4.6500524949682206e-05, -4.397550309047549e-10, 1.4557675996662955e-08, 3.5072410642600225e-08, 4.21843053616007e-05, 0.0002107873838281139, 4.550910046485443e-05, -1.058676496668513e-08, 2.5136111551829424e-09, -4.975340252670054e-09, -4.6500524949682206e-05, 4.550910046485443e-05, 0.0002006623246373279, -1.0047052737289945e-09, -1.6957647850254071e-09, 1.4417831593596935e-09, -4.397550309047549e-10, -1.058676496668513e-08, -1.0047052737289945e-09, 2.133428206837077e-09, 4.41244730111143e-12, 1.1575405494159322e-11, 1.4557675996662955e-08, 2.5136111551829424e-09, -1.6957647850254071e-09, 4.41244730111143e-12, 2.1116594299831965e-09, 7.588824319760433e-13, 3.5072410642600225e-08, -4.975340252670054e-09, 1.4417831593596935e-09, 1.1575405494159322e-11, 7.588824319760433e-13, 2.128829234517475e-09]"
1402416390902839579,,238938,,1402416390,831024885,/enu,/base_link,,,,5.52786842327,23.936628127,-21.20091196,,0.016932180982,-0.00283260564723,-0.931956037723,0.362164632928,"[0.02584831224763199, -0.005791650601403485, -0.0015053846547463325, 4.647432367439921e-06, -5.313036230107571e-06, 8.276361659602388e-05, -0.005791650601403485, 0.03170071546941069, 0.004790602500733718, 9.833659345370274e-07, -3.602225936983899e-06, -2.932808435744662e-05, -0.0015053846547463325, 0.004790602500733718, 0.21368829097580158, -2.0608781059800545e-06, 3.5972911753607167e-06, 1.5932390653525976e-05, 4.647432367439921e-06, 9.833659345370274e-07, -2.0608781059800545e-06, 4.922233521151785e-06, -3.8367168647895147e-07, 5.932470577555191e-07, -5.313036230107571e-06, -3.602225936983899e-06, 3.5972911753607167e-06, -3.8367168647895147e-07, 4.327287909765634e-06, -1.4083157660622687e-06, 8.276361659602388e-05, -2.932808435744662e-05, 1.5932390653525976e-05, 5.932470577555191e-07, -1.4083157660622687e-06, 0.00010704240315193403]",,,,0.120480558,0.466376618592,-0.349954416245,,-0.0233434196913,-0.05446901185,-0.0648540034466,"[0.00036010538692099123, 4.29900355807203e-05, -4.6523153227329765e-05, -4.2949181052646415e-10, 1.4809323536651242e-08, 3.515653721529359e-08, 4.29900355807203e-05, 0.00021529489337697845, 4.5691792799348347e-05, -1.0803319189232418e-08, 2.54992344130078e-09, -4.9916739146255835e-09, -4.6523153227329765e-05, 4.5691792799348347e-05, 0.00020109518141044698, -1.0128051306318613e-09, -1.6935481511181226e-09, 1.4238521946477372e-09, -4.2949181052646415e-10, -1.0803319189232418e-08, -1.0128051306318613e-09, 2.1334281847897404e-09, 4.4124560290500064e-12, 1.157556904129543e-11, 1.4809323536651242e-08, 2.54992344130078e-09, -1.6935481511181226e-09, 4.4124560290500064e-12, 2.1116594048543884e-09, 7.590671833633317e-13, 3.515653721529359e-08, -4.9916739146255835e-09, 1.4238521946477372e-09, 1.157556904129543e-11, 7.590671833633317e-13, 2.128825153292231e-09]"
1402416390902868626,,238939,,1402416390,842025041,/enu,/base_link,,,,5.53129651408,23.9923828791,-21.1740565254,,0.0166003885497,-0.00805413817376,-0.932368255245,0.36103877156,"[0.02584011175702928, -0.005792271221650347, -0.0015061664525122852, 4.673419762340534e-06, -5.701780317745258e-06, 8.277876285042289e-05, -0.005792271221650347, 0.03168841828705321, 0.004799811680645292, 1.9399191674034494e-06, -3.5903394778349493e-06, -2.9128367843161932e-05, -0.0015061664525122852, 0.004799811680645292, 0.21364382089511194, -1.8931743081332304e-06, 3.4003517188757894e-06, 1.6038028047557452e-05, 4.673419762340534e-06, 1.9399191674034494e-06, -1.8931743081332304e-06, 4.764761616869528e-06, -3.771140115587362e-07, 5.307240049008796e-07, -5.701780317745258e-06, -3.5903394778349493e-06, 3.4003517188757894e-06, -3.771140115587362e-07, 4.160486069966064e-06, -1.3086683756460494e-06, 8.277876285042289e-05, -2.9128367843161932e-05, 1.6038028047557452e-05, 5.307240049008796e-07, -1.3086683756460494e-06, 0.00010701152861874568]",,,,0.0657073983675,0.360947242909,-0.308667844195,,0.0731920383821,0.0803846752327,-0.0606577527753,"[0.00032465862596319726, 4.5530998144526836e-05, -5.047000762616551e-05, -4.950704380564831e-10, 1.3712760862125736e-08, 2.98046256371818e-08, 4.5530998144526836e-05, 0.00019850354900123485, 4.3022516720341085e-05, -9.978693783429894e-09, 2.4826213732603286e-09, -1.1711886595588118e-09, -5.047000762616551e-05, 4.3022516720341085e-05, 0.00019942310308033838, -7.173398763385332e-10, -1.9883449246243207e-09, 1.0669541774478832e-09, -4.950704380564831e-10, -9.978693783429894e-09, -7.173398763385332e-10, 2.1333743433466813e-09, 4.409024825040843e-12, 1.1563984658200928e-11, 1.3712760862125736e-08, 2.4826213732603286e-09, -1.9883449246243207e-09, 4.409024825040843e-12, 2.1116027853383544e-09, 7.294457790887141e-13, 2.98046256371818e-08, -1.1711886595588118e-09, 1.0669541774478832e-09, 1.1563984658200928e-11, 7.294457790887141e-13, 2.12880331255969e-09]"
1402416390902895303,,238940,,1402416390,851999044,/enu,/base_link,,,,5.53354589933,23.9892094369,-21.1770753533,,0.0163183795817,-0.00808068715763,-0.93247635891,0.360771746479,"[0.02584205291754559, -0.005792112128719969, -0.0015015816569649391, 4.6391064245913186e-06, -5.518510478381219e-06, 8.262942597044904e-05, -0.005792112128719969, 0.031691290394055695, 0.004799621529607504, 1.6907012703535921e-06, -3.5589212720337085e-06, -2.9239356366041676e-05, -0.0015015816569649391, 0.004799621529607504, 0.2136613992471351, -1.895944852050221e-06, 3.415506426482429e-06, 1.604186769132817e-05, 4.6391064245913186e-06, 1.6907012703535921e-06, -1.895944852050221e-06, 4.804477377009044e-06, -3.7711080945679094e-07, 5.307685182335206e-07, -5.518510478381219e-06, -3.5589212720337085e-06, 3.415506426482429e-06, -3.7711080945679094e-07, 4.200275639698182e-06, -1.309542983931594e-06, 8.262942597044904e-05, -2.9239356366041676e-05, 1.604186769132817e-05, 5.307685182335206e-07, -1.309542983931594e-06, 0.0001070362829969821]",,,,0.0486814421795,0.37035591809,-0.345006140958,,-0.014613933039,-0.0554660724445,-0.0596637103708,"[0.00033006196681564147, 4.6319657976129935e-05, -5.055236630703565e-05, -4.864738192708134e-10, 1.3957047914981038e-08, 2.987882427493389e-08, 4.6319657976129935e-05, 0.0002027679620946889, 4.3120571727688704e-05, -1.0188829034706913e-08, 2.517635272299152e-09, -1.1895452348309485e-09, -5.055236630703565e-05, 4.3120571727688704e-05, 0.00019984268121068713, -7.206485432889728e-10, -1.9891488187121526e-09, 1.0524643446054095e-09, -4.864738192708134e-10, -1.0188829034706913e-08, -7.206485432889728e-10, 2.1333743223400934e-09, 4.409033122935737e-12, 1.1564143512446415e-11, 1.3957047914981038e-08, 2.517635272299152e-09, -1.9891488187121526e-09, 4.409033122935737e-12, 2.1116027612870566e-09, 7.296290941759389e-13, 2.987882427493389e-08, -1.1895452348309485e-09, 1.0524643446054095e-09, 1.1564143512446415e-11, 7.296290941759389e-13, 2.1287992176070593e-09]"
1402416390902922383,,238941,,1402416390,861994028,/enu,/base_link,,,,5.53584577367,23.98617863,-21.1804513177,,0.0165951954437,-0.0080934801444,-0.932565070424,0.360529450242,"[0.025843967045363337, -0.005791975242092606, -0.001496944599585502, 4.604324456903806e-06, -5.330332046088989e-06, 8.248231933595465e-05, -0.005791975242092606, 0.03169421013337723, 0.0047996539274740135, 1.4356306886055246e-06, -3.5268834547292653e-06, -2.9362753452436395e-05, -0.001496944599585502, 0.0047996539274740135, 0.21367843485155746, -1.8989491570006917e-06, 3.4311719388300346e-06, 1.604521838397111e-05, 4.604324456903806e-06, 1.4356306886055246e-06, -1.8989491570006917e-06, 4.84435916867362e-06, -3.771075848329092e-07, 5.308137970409442e-07, -5.330332046088989e-06, -3.5268834547292653e-06, 3.4311719388300346e-06, -3.771075848329092e-07, 4.24023223631438e-06, -1.3104277575962917e-06, 8.248231933595465e-05, -2.9362753452436395e-05, 1.604521838397111e-05, 5.308137970409442e-07, -1.3104277575962917e-06, 0.00010706120032738794]",,,,0.0619887014619,0.365776912953,-0.314527477376,,0.0231592008626,0.0500115398672,-0.0545831002121,"[0.0003356817656975889, 4.704644628212055e-05, -5.051084293292449e-05, -4.773811655805284e-10, 1.420602618724294e-08, 2.995209823183073e-08, 4.704644628212055e-05, 0.00020715266749010198, 4.3267924006667144e-05, -1.0401360336765947e-08, 2.5514157203529375e-09, -1.209173816733728e-09, -5.051084293292449e-05, 4.3267924006667144e-05, 0.00020012489150686395, -7.206396687821522e-10, -1.9763208613025276e-09, 1.0697917827899207e-09, -4.773811655805284e-10, -1.0401360336765947e-08, -7.206396687821522e-10, 2.1333743009770394e-09, 4.409041399380825e-12, 1.156430402500059e-11, 1.420602618724294e-08, 2.5514157203529375e-09, -1.9763208613025276e-09, 4.409041399380825e-12, 2.1116027369937132e-09, 7.298144777004265e-13, 2.995209823183073e-08, -1.209173816733728e-09, 1.0697917827899207e-09, 1.156430402500059e-11, 7.298144777004265e-13, 2.1287951209742017e-09]"
