rosbagTimestamp,header,seq,stamp,secs,nsecs,frame_id,child_frame_id,pose,pose,position,x,y,z,orientation,x,y,z,w,covariance,twist,twist,linear,x,y,z,angular,x,y,z,covariance
1402414603306860105,,18798,,1402414603,305958986,/enu,/imu,,,,7.4242158812,14.790094945,-10.5164838289,,-0.660701321118,-0.750261349058,0.00191755183413,-0.0240415344194,"[0.023062281266768115, -0.005914498942948808, -0.009403278288342717, -9.65655794461673e-08, 2.222604895594519e-06, -0.00010596609475675348, -0.005914498942948808, 0.024430246891421863, 0.02286124598051682, -4.125430865708885e-06, -1.4491905889013917e-06, -7.32210275947336e-05, -0.009403278288342717, 0.02286124598051682, 0.16365129653391083, 1.544227591591189e-06, -6.202346322536479e-07, 1.3480344824387519e-05, -9.65655794461673e-08, -4.125430865708885e-06, 1.544227591591189e-06, 4.381628577549738e-06, 3.7485392389557676e-07, 7.07509207613274e-07, 2.222604895594519e-06, -1.4491905889013917e-06, -6.202346322536479e-07, 3.7485392389557676e-07, 4.111126185345058e-06, 6.986598418525583e-07, -0.00010596609475675348, -7.32210275947336e-05, 1.3480344824387519e-05, 7.07509207613274e-07, 6.986598418525583e-07, 0.00015959163458365274]",,,,0.145874623082,-0.204262931314,-0.188235284586,,0.00358530987818,0.0258756924719,0.0893781758733,"[0.0002700522739814463, -4.487702760064262e-05, -2.9945840975405923e-05, -1.930992770248942e-08, -1.1099400416442086e-07, -4.0057696822236565e-07, -4.487702760064262e-05, 0.00016727666010399116, 1.3688981082132575e-05, 8.548681961392626e-08, 2.652419457674031e-08, -3.59570272943149e-08, -2.9945840975405923e-05, 1.3688981082132575e-05, 0.00021557668538227322, 1.2395629021416174e-08, -6.644315609436142e-09, 1.893834658567774e-08, -1.930992770248942e-08, 8.548681961392626e-08, 1.2395629021416174e-08, 2.1359726703922823e-08, 4.2993423146422494e-12, 1.8884013529110422e-10, -1.1099400416442086e-07, 2.652419457674031e-08, -6.644315609436142e-09, 4.2993423146422494e-12, 2.1369135121927727e-08, -1.6995640891950342e-10, -4.0057696822236565e-07, -3.59570272943149e-08, 1.893834658567774e-08, 1.8884013529110422e-10, -1.6995640891950342e-10, 2.9389975640570776e-08]"
1402414603316842863,,18799,,1402414603,315953969,/enu,/imu,,,,7.46112440888,14.7995021017,-10.5451213106,,-0.662246991186,-0.748941756371,0.00555016278939,-0.022008269417,"[0.023048138561485014, -0.00591253272764801, -0.009398751746048052, -3.4930416035636274e-07, 1.0930292180313583e-06, -0.00010495030605026634, -0.00591253272764801, 0.024418894331986764, 0.0228524374322144, -3.034857405531127e-06, -1.3917614701512754e-06, -7.393297840366887e-05, -0.009398751746048052, 0.0228524374322144, 0.1635478238856612, 1.5868772334332649e-06, -6.614352216218472e-07, 1.3446290608353638e-05, -3.4930416035636274e-07, -3.034857405531127e-06, 1.5868772334332649e-06, 4.166010595436601e-06, 3.6633760042843574e-07, 9.091193936778881e-07, 1.0930292180313583e-06, -1.3917614701512754e-06, -6.614352216218472e-07, 3.6633760042843574e-07, 3.901734465847984e-06, 8.878513126077475e-07, -0.00010495030605026634, -7.393297840366887e-05, 1.3446290608353638e-05, 9.091193936778881e-07, 8.878513126077475e-07, 0.00015931712538923667]",,,,0.159210649393,-0.132712814467,-0.178293651046,,0.0148940308406,0.0282983378998,0.0875181998678,"[0.00023284553808885293, -4.067143400921472e-05, -2.75340437550606e-05, -1.5922400236811576e-08, -9.958881744162476e-08, -3.1421488945304595e-07, -4.067143400921472e-05, 0.00014927841556250043, 1.1916216909475494e-05, 7.486075079871691e-08, 2.5034545415843245e-08, -5.77205551721936e-08, -2.75340437550606e-05, 1.1916216909475494e-05, 0.00021266192130461154, 9.47571305414808e-09, -7.216929671442369e-09, 1.5797349078261544e-08, -1.5922400236811576e-08, 7.486075079871691e-08, 9.47571305414808e-09, 2.135270186816229e-08, 4.001629007083518e-12, 1.8450420256852523e-10, -9.958881744162476e-08, 2.5034545415843245e-08, -7.216929671442369e-09, 4.001629007083518e-12, 2.1361996254263116e-08, -1.771428585537696e-10, -3.1421488945304595e-07, -5.77205551721936e-08, 1.5797349078261544e-08, 1.8450420256852523e-10, -1.771428585537696e-10, 2.937897758131781e-08]"
1402414603326835151,,18800,,1402414603,325932025,/enu,/imu,,,,7.4595178057,14.8009892541,-10.5434211658,,-0.662579202035,-0.748650523803,0.00548534529234,-0.0219341110395,"[0.02304995473781515, -0.005913306480575047, -0.00939973775540986, -3.1707905939302165e-07, 1.260200280157013e-06, -0.00010509817972761842, -0.005913306480575047, 0.024420932040941864, 0.022854701632557418, -3.2278355300113915e-06, -1.4290972054479635e-06, -7.3622045503912e-05, -0.00939973775540986, 0.022854701632557418, 0.16357311677916533, 1.6173343932996268e-06, -6.638461149727138e-07, 1.3455413793117503e-05, -3.1707905939302165e-07, -3.2278355300113915e-06, 1.6173343932996268e-06, 4.206178715428814e-06, 3.6634840977687574e-07, 9.088541737999764e-07, 1.260200280157013e-06, -1.4290972054479635e-06, -6.638461149727138e-07, 3.6634840977687574e-07, 3.941890400060168e-06, 8.862626326566318e-07, -0.00010509817972761842, -7.3622045503912e-05, 1.3455413793117503e-05, 9.088541737999764e-07, 8.862626326566318e-07, 0.00015933764972884935]",,,,0.158699308644,-0.134657718326,-0.178640284823,,0.00197164242802,0.0189102740748,0.0872973859506,"[0.00023692476150226555, -4.1334071366099344e-05, -2.777819078326911e-05, -1.593114548502294e-08, -1.0173167656489056e-07, -3.136493691815519e-07, -4.1334071366099344e-05, 0.00015270057672921703, 1.213743530641431e-05, 7.678033349912334e-08, 2.5354580089303533e-08, -5.799053558663513e-08, -2.777819078326911e-05, 1.213743530641431e-05, 0.00021303246045012897, 9.543415804505029e-09, -7.109163059659918e-09, 1.5704098589236535e-08, -1.593114548502294e-08, 7.678033349912334e-08, 9.543415804505029e-09, 2.135270185685368e-08, 4.001495954089668e-12, 1.8450796537401013e-10, -1.0173167656489056e-07, 2.5354580089303533e-08, -7.109163059659918e-09, 4.001495954089668e-12, 2.1361992578941938e-08, -1.7710823525628652e-10, -3.136493691815519e-07, -5.799053558663513e-08, 1.5704098589236535e-08, 1.8450796537401013e-10, -1.7710823525628652e-10, 2.9377679029659878e-08]"
1402414603336886225,,18801,,1402414603,335962057,/enu,/imu,,,,7.4578729709,14.8023032293,-10.5413670241,,-0.662898634008,-0.748369890006,0.00535308724112,-0.0218918527982,"[0.023051790578112536, -0.0059140964192825355, -0.00940067711054649, -2.84306883738865e-07, 1.4321942395395803e-06, -0.00010524486134487155, -0.0059140964192825355, 0.024423057582361813, 0.02285695474594518, -3.426037058630342e-06, -1.4670100646008375e-06, -7.331309454126976e-05, -0.00940067711054649, 0.02285695474594518, 0.16359853965324425, 1.6479301709029787e-06, -6.662390600077878e-07, 1.3464435635432252e-05, -2.84306883738865e-07, -3.426037058630342e-06, 1.6479301709029787e-06, 4.246767564648967e-06, 3.663591191403703e-07, 9.085895753476747e-07, 1.4321942395395803e-06, -1.4670100646008375e-06, -6.662390600077878e-07, 3.663591191403703e-07, 3.982467242925512e-06, 8.846568616534089e-07, -0.00010524486134487155, -7.331309454126976e-05, 1.3464435635432252e-05, 9.085895753476747e-07, 8.846568616534089e-07, 0.0001593586798896228]",,,,0.157928636198,-0.136252008488,-0.181759052654,,-0.0123865669398,0.0229968370153,0.0837631452526,"[0.00024111112769940367, -4.200127872772252e-05, -2.80311028615074e-05, -1.593963304300276e-08, -1.0390594407096954e-07, -3.1308211891320973e-07, -4.200127872772252e-05, 0.00015621075155924696, 1.2351253631237619e-05, 7.872826720371495e-08, 2.5677573219754744e-08, -5.827511525473295e-08, -2.80311028615074e-05, 1.2351253631237619e-05, 0.0002134081249514748, 9.62285001151633e-09, -7.0015727641593145e-09, 1.558946207032122e-08, -1.593963304300276e-08, 7.872826720371495e-08, 9.62285001151633e-09, 2.1352701842661036e-08, 4.001350853165712e-12, 1.845121996528328e-10, -1.0390594407096954e-07, 2.5677573219754744e-08, -7.0015727641593145e-09, 4.001350853165712e-12, 2.1361988850148823e-08, -1.7707359150673785e-10, -3.1308211891320973e-07, -5.827511525473295e-08, 1.558946207032122e-08, 1.845121996528328e-10, -1.7707359150673785e-10, 2.937638028221101e-08]"
1402414603346839845,,18802,,1402414603,345967054,/enu,/imu,,,,7.45632859055,14.8039435931,-10.539963057,,-0.663221877985,-0.748085357408,0.00520219977715,-0.0218626556186,"[0.02305366953109331, -0.0059148822806385296, -0.009401649077555996, -2.5124863769861775e-07, 1.6077358356561796e-06, -0.00010538938030892489, -0.0059148822806385296, 0.024425153089443194, 0.022859323078580955, -3.6279691779330772e-06, -1.5051984739364725e-06, -7.30081026534859e-05, -0.009401649077555996, 0.022859323078580955, 0.16362386623343128, 1.6784256390622203e-06, -6.686072446778748e-07, 1.347357653755588e-05, -2.5124863769861775e-07, -3.6279691779330772e-06, 1.6784256390622203e-06, 4.287157070984381e-06, 3.6636943384470146e-07, 9.083251790644311e-07, 1.6077358356561796e-06, -1.5051984739364725e-06, -6.686072446778748e-07, 3.6636943384470146e-07, 4.022845163156241e-06, 8.830325207517096e-07, -0.00010538938030892489, -7.30081026534859e-05, 1.347357653755588e-05, 9.083251790644311e-07, 8.830325207517096e-07, 0.00015937945559041117]",,,,0.157366658809,-0.137761012953,-0.181155480921,,-0.0169149254656,0.0235490719113,0.0854199338665,"[0.0002453647116564686, -4.267428448191029e-05, -2.828702378120723e-05, -1.5943719554129325e-08, -1.0609490623422518e-07, -3.1251897864013434e-07, -4.267428448191029e-05, 0.00015978648250378986, 1.2565517777792497e-05, 8.069221631178299e-08, 2.6005268767723667e-08, -5.855558684451156e-08, -2.828702378120723e-05, 1.2565517777792497e-05, 0.00021378289462310174, 9.706884942735201e-09, -6.893894131831181e-09, 1.547095057594977e-08, -1.5943719554129325e-08, 8.069221631178299e-08, 9.706884942735201e-09, 2.1352701825178154e-08, 4.00119361128922e-12, 1.8451690802732066e-10, -1.0609490623422518e-07, 2.6005268767723667e-08, -6.893894131831181e-09, 4.00119361128922e-12, 2.1361985067193266e-08, -1.7703892748587317e-10, -3.1251897864013434e-07, -5.855558684451156e-08, 1.547095057594977e-08, 1.8451690802732066e-10, -1.7703892748587317e-10, 2.937508133511024e-08]"
1402414603357061369,,18803,,1402414603,356091976,/enu,/imu,,,,7.47871250049,14.8075584667,-10.570984732,,-0.664209426724,-0.747225855188,0.00727831796319,-0.0206490890355,"[0.023040217716322413, -0.0059129898997037356, -0.009397029181594813, -4.745680582943808e-07, 6.045651666355816e-07, -0.00010459344614872836, -0.0059129898997037356, 0.024414270052960648, 0.022850697380805106, -2.6328969132139816e-06, -1.4347112294906868e-06, -7.356932488651732e-05, -0.009397029181594813, 0.022850697380805106, 0.16352181604782995, 1.714590401934403e-06, -6.947767664850078e-07, 1.3429417704334015e-05, -4.745680582943808e-07, -2.6328969132139816e-06, 1.714590401934403e-06, 4.096227173427997e-06, 3.588779095952836e-07, 1.070361362023401e-06, 6.045651666355816e-07, -1.4347112294906868e-06, -6.947767664850078e-07, 3.588779095952836e-07, 3.837430855977646e-06, 1.034402867317014e-06, -0.00010459344614872836, -7.356932488651732e-05, 1.3429417704334015e-05, 1.070361362023401e-06, 1.034402867317014e-06, 0.00015919153785930306]",,,,0.165224935662,-0.0958587627136,-0.17350083766,,0.00100302996257,0.0232136141738,0.0906203162363,"[0.00021675061166572814, -3.911344837709576e-05, -2.639246155418659e-05, -1.3851609342114399e-08, -9.570702846794638e-08, -2.582964239756212e-07, -3.911344837709576e-05, 0.0001435183216006498, 1.1380370059305113e-05, 7.1349113483493e-08, 2.4499696365865952e-08, -7.338296572278366e-08, -2.639246155418659e-05, 1.1380370059305113e-05, 0.00021113137855988936, 7.944330041432234e-09, -7.481425549121594e-09, 1.3426772414466481e-08, -1.3851609342114399e-08, 7.1349113483493e-08, 7.944330041432234e-09, 2.134634815145271e-08, 3.767612712175095e-12, 1.8108727559770443e-10, -9.570702846794638e-08, 2.4499696365865952e-08, -7.481425549121594e-09, 3.767612712175095e-12, 2.1355487790641495e-08, -1.827787167200355e-10, -2.582964239756212e-07, -7.338296572278366e-08, 1.3426772414466481e-08, 1.8108727559770443e-10, -1.827787167200355e-10, 2.9366947051632515e-08]"
1402414603366814568,,18804,,1402414603,365926980,/enu,/imu,,,,7.47756415154,14.8090588501,-10.5692550472,,-0.664530241686,-0.746943546594,0.00721909007621,-0.0205616347622,"[0.02304192852196374, -0.005913711504744595, -0.009397994940336878, -4.4446881351611744e-07, 7.623101977300833e-07, -0.0001047154820343286, -0.005913711504744595, 0.024416181105285845, 0.022852977613166046, -2.8146875841106947e-06, -1.4698240955417698e-06, -7.329397332650908e-05, -0.009397994940336878, 0.022852977613166046, 0.1635464900709957, 1.7444736519133758e-06, -6.968680633188039e-07, 1.3437925899949302e-05, -4.4446881351611744e-07, -2.8146875841106947e-06, 1.7444736519133758e-06, 4.135250873087786e-06, 3.588864793123622e-07, 1.0701118949763885e-06, 7.623101977300833e-07, -1.4698240955417698e-06, -6.968680633188039e-07, 3.588864793123622e-07, 3.876439996975947e-06, 1.0328220057539815e-06, -0.0001047154820343286, -7.329397332650908e-05, 1.3437925899949302e-05, 1.0701118949763885e-06, 1.0328220057539815e-06, 0.00015921059952824616]",,,,0.164789297135,-0.0973238329382,-0.173945806579,,0.0046478057844,0.0206733109574,0.0852084767577,"[0.00022060270684787372, -3.973981061555721e-05, -2.6627145689897837e-05, -1.3858996588703241e-08, -9.778368272792886e-08, -2.576572468981301e-07, -3.973981061555721e-05, 0.0001467702329302973, 1.1564619415411307e-05, 7.320839219579828e-08, 2.4809356616494625e-08, -7.377274121919211e-08, -2.6627145689897837e-05, 1.1564619415411307e-05, 0.00021148768448209126, 7.992563686199166e-09, -7.377573954966699e-09, 1.3340023870692764e-08, -1.3858996588703241e-08, 7.320839219579828e-08, 7.992563686199166e-09, 2.1346348139692587e-08, 3.767469204433216e-12, 1.8109109823725253e-10, -9.778368272792886e-08, 2.4809356616494625e-08, -7.377573954966699e-09, 3.767469204433216e-12, 2.135548414973262e-08, -1.8274290152245086e-10, -2.576572468981301e-07, -7.377274121919211e-08, 1.3340023870692764e-08, 1.8109109823725253e-10, -1.8274290152245086e-10, 2.9365647547138235e-08]"
1402414603402835605,,18805,,1402414603,375916004,/enu,/imu,,,,7.476392715,14.810763439,-10.5677734381,,-0.664838234814,-0.7466733773,0.00713512784138,-0.0204469829269,"[0.02304364950435863, -0.0059144585177388544, -0.009398938716463285, -4.1353549070622143e-07, 9.26330197244896e-07, -0.00010483765213970197, -0.0059144585177388544, 0.02441825944564295, 0.022855110061605427, -3.003404548014874e-06, -1.5058651343810956e-06, -7.30179705856736e-05, -0.009398938716463285, 0.022855110061605427, 0.16357194469280437, 1.7748176166653424e-06, -6.989681191023094e-07, 1.3446923389500746e-05, -4.1353549070622143e-07, -3.003404548014874e-06, 1.7748176166653424e-06, 4.175505078172065e-06, 3.58895319349995e-07, 1.0698643224618533e-06, 9.26330197244896e-07, -1.5058651343810956e-06, -6.989681191023094e-07, 3.58895319349995e-07, 3.916679473137164e-06, 1.0312259650856418e-06, -0.00010483765213970197, -7.30179705856736e-05, 1.3446923389500746e-05, 1.0698643224618533e-06, 1.0312259650856418e-06, 0.00015923116278621465]",,,,0.164029888694,-0.0988127559408,-0.175839784752,,0.00442690992779,0.02774196318,0.0805697630867,"[0.0002246048768998949, -4.038041879932059e-05, -2.6867299325145133e-05, -1.3867417220342153e-08, -9.991311268977211e-08, -2.5700834442858133e-07, -4.038041879932059e-05, 0.00015014731729280571, 1.1749152948869023e-05, 7.511624322730217e-08, 2.512278633950445e-08, -7.418226973697011e-08, -2.6867299325145133e-05, 1.1749152948869023e-05, 0.00021185137980518184, 8.041202630246753e-09, -7.279335693362873e-09, 1.3233981333992458e-08, -1.3867417220342153e-08, 7.511624322730217e-08, 8.041202630246753e-09, 2.134634812498954e-08, 3.767313268790128e-12, 1.8109538568358045e-10, -9.991311268977211e-08, 2.512278633950445e-08, -7.279335693362873e-09, 3.767313268790128e-12, 2.1355480457073155e-08, -1.8270706904741525e-10, -2.5700834442858133e-07, -7.418226973697011e-08, 1.3233981333992458e-08, 1.8109538568358045e-10, -1.8270706904741525e-10, 2.9364347858799025e-08]"
1402414603402864193,,18806,,1402414603,385935068,/enu,/imu,,,,7.47522066838,14.8122262443,-10.56586543,,-0.665157797872,-0.746393417359,0.00701974875273,-0.0203148610524,"[0.023045429351335186, -0.005915226131008256, -0.00939995660569672, -3.821475701757743e-07, 1.0947178599892644e-06, -0.0001049582447199756, -0.005915226131008256, 0.02442029515613389, 0.02285749219423503, -3.1968124863858674e-06, -1.5423783625215187e-06, -7.274408164274838e-05, -0.00939995660569672, 0.02285749219423503, 0.16359710287730506, 1.8052230751818502e-06, -7.010628683756395e-07, 1.3455609635477839e-05, -3.821475701757743e-07, -3.1968124863858674e-06, 1.8052230751818502e-06, 4.216003492786937e-06, 3.589039631672751e-07, 1.069618491971143e-06, 1.0947178599892644e-06, -1.5423783625215187e-06, -7.010628683756395e-07, 3.589039631672751e-07, 3.957163344129449e-06, 1.0296117023230793e-06, -0.0001049582447199756, -7.274408164274838e-05, 1.3455609635477839e-05, 1.069618491971143e-06, 1.0296117023230793e-06, 0.00015925201538939207]",,,,0.163641705206,-0.100147745254,-0.174851993676,,0.00210750671522,0.03436882652,0.0841041457502,"[0.00022869960934851047, -4.1032667445457155e-05, -2.7109246183837165e-05, -1.3871018500811477e-08, -1.0206832526140284e-07, -2.56362102348601e-07, -4.1032667445457155e-05, 0.00015361151851627238, 1.1932553864231206e-05, 7.705118978730806e-08, 2.544381588113974e-08, -7.45860853439476e-08, -2.7109246183837165e-05, 1.1932553864231206e-05, 0.0002122141065844449, 8.091273404134693e-09, -7.187517781528561e-09, 1.3109241211675525e-08, -1.3871018500811477e-08, 7.705118978730806e-08, 8.091273404134693e-09, 2.1346348107044808e-08, 3.767144655087238e-12, 1.8110014527611418e-10, -1.0206832526140284e-07, 2.544381588113974e-08, -7.187517781528561e-09, 3.767144655087238e-12, 2.1355476711298463e-08, -1.8267121918531308e-10, -2.56362102348601e-07, -7.45860853439476e-08, 1.3109241211675525e-08, 1.8110014527611418e-10, -1.8267121918531308e-10, 2.936304797514645e-08]"
1402414603402880462,,18807,,1402414603,395916938,/enu,/imu,,,,7.47392449003,14.8137736031,-10.5641152512,,-0.665500474508,-0.746092713599,0.00692690518385,-0.0201692619729,"[0.02304724695686617, -0.005916005301390782, -0.009400877934371481, -3.505256384991704e-07, 1.266328494312652e-06, -0.00010507677842201602, -0.005916005301390782, 0.024422479129053865, 0.02285974938155729, -3.3935977448588976e-06, -1.5791110460055249e-06, -7.247422884745876e-05, -0.009400877934371481, 0.02285974938155729, 0.16362212795399508, 1.8355175296219255e-06, -7.031333492163397e-07, 1.3464660339624415e-05, -3.505256384991704e-07, -3.3935977448588976e-06, 1.8355175296219255e-06, 4.256205124538162e-06, 3.589121630396004e-07, 1.0693744735951598e-06, 1.266328494312652e-06, -1.5791110460055249e-06, -7.031333492163397e-07, 3.589121630396004e-07, 3.997350808405346e-06, 1.027977932017756e-06, -0.00010507677842201602, -7.247422884745876e-05, 1.3464660339624415e-05, 1.0693744735951598e-06, 1.027977932017756e-06, 0.00015927249408461671]",,,,0.163377899995,-0.101475072287,-0.17382721051,,0.0074089989424,0.0334852405115,0.0900684060455,"[0.00023285062727569799, -4.169609123519322e-05, -2.734854805642118e-05, -1.3866209810360011e-08, -1.0423449056695554e-07, -2.5572533682745203e-07, -4.169609123519322e-05, 0.00015714274987240368, 1.212207205039987e-05, 7.900139558617092e-08, 2.5773644663384222e-08, -7.497132711665537e-08, -2.734854805642118e-05, 1.212207205039987e-05, 0.00021257323794962585, 8.137642128915703e-09, -7.097197315702924e-09, 1.2991834162638004e-08, -1.3866209810360011e-08, 7.900139558617092e-08, 8.137642128915703e-09, 2.1346348085502467e-08, 3.7669633414295456e-12, 1.8110537851453321e-10, -1.0423449056695554e-07, 2.5773644663384222e-08, -7.097197315702924e-09, 3.7669633414295456e-12, 2.1355472912263004e-08, -1.8263535212673204e-10, -2.5572533682745203e-07, -7.497132711665537e-08, 1.2991834162638004e-08, 1.8110537851453321e-10, -1.8263535212673204e-10, 2.9361747894688395e-08]"
1402414603442839857,,18808,,1402414603,406928062,/enu,/imu,,,,7.47252696515,14.8155559491,-10.5624174325,,-0.665876732575,-0.745759407281,0.0068179843745,-0.0201146353591,"[0.02304926730426414, -0.005916899622973689, -0.009401905861814844, -3.1524176484823357e-07, 1.460042156029067e-06, -0.00010520806882057925, -0.005916899622973689, 0.024424881056825616, 0.022862249026758517, -3.6155010787596634e-06, -1.6201323043668394e-06, -7.218127327278044e-05, -0.009401905861814844, 0.022862249026758517, 0.16365008201359982, 1.8689259033936074e-06, -7.053937657543586e-07, 1.3474579067405554e-05, -3.1524176484823357e-07, -3.6155010787596634e-06, 1.8689259033936074e-06, 4.305098727830356e-06, 3.5892379285585154e-07, 1.0691332284045026e-06, 1.460042156029067e-06, -1.6201323043668394e-06, -7.053937657543586e-07, 3.5892379285585154e-07, 4.046227580054131e-06, 1.0263399951414663e-06, -0.00010520806882057925, -7.218127327278044e-05, 1.3474579067405554e-05, 1.0691332284045026e-06, 1.0263399951414663e-06, 0.00015930352503005582]",,,,0.163010903788,-0.10270121228,-0.174164490185,,-0.00628652399082,0.0199001614776,0.0900685027858,"[0.00023755458189321255, -4.2430439384418456e-05, -2.762352973008597e-05, -1.385544045380773e-08, -1.066473323731967e-07, -2.5502900617396974e-07, -4.2430439384418456e-05, 0.0001611635043779959, 1.2331240040094864e-05, 8.117441640256957e-08, 2.614351062876632e-08, -7.540396963434554e-08, -2.762352973008597e-05, 1.2331240040094864e-05, 0.00021302216138626876, 8.203428846152696e-09, -6.978599488101175e-09, 1.2889743084189582e-08, -1.385544045380773e-08, 8.117441640256957e-08, 8.203428846152696e-09, 2.1346348060006332e-08, 3.766769311811123e-12, 1.8111108370042668e-10, -1.066473323731967e-07, 2.614351062876632e-08, -6.978599488101175e-09, 3.766769311811123e-12, 2.1355469059196776e-08, -1.8259946856820727e-10, -2.5502900617396974e-07, -7.540396963434554e-08, 1.2889743084189582e-08, 1.8111108370042668e-10, -1.8259946856820727e-10, 2.9360447621139874e-08]"
1402414603442865024,,18809,,1402414603,416939973,/enu,/imu,,,,7.47138901386,14.8169980008,-10.5605567188,,-0.666212515314,-0.745461993789,0.00669261718669,-0.0200626301886,"[0.023051180391281907, -0.00591767418527837, -0.009403003462287514, -2.8276918771453285e-07, 1.640461721867954e-06, -0.00010532335384764373, -0.00591767418527837, 0.02442715137777758, 0.022864489781703027, -3.821692973763297e-06, -1.657731772622702e-06, -7.191668876684183e-05, -0.009403003462287514, 0.022864489781703027, 0.16367554324618952, 1.8992819007569933e-06, -7.074508472055405e-07, 1.3483741281474867e-05, -2.8276918771453285e-07, -3.821692973763297e-06, 1.8992819007569933e-06, 4.345546816176734e-06, 3.589314207565058e-07, 1.0688914000851482e-06, 1.640461721867954e-06, -1.657731772622702e-06, -7.074508472055405e-07, 3.589314207565058e-07, 4.086662080389717e-06, 1.02466673412298e-06, -0.00010532335384764373, -7.191668876684183e-05, 1.3483741281474867e-05, 1.0688914000851482e-06, 1.02466673412298e-06, 0.00015932428166000637]",,,,0.16212098914,-0.104310307123,-0.173653770077,,-0.00993130053628,0.0237658291836,0.0886327607136,"[0.00024188263610589602, -4.310445201535849e-05, -2.7876702218102994e-05, -1.3843499918055003e-08, -1.0886374736196289e-07, -2.543926025160047e-07, -4.310445201535849e-05, 0.00016486096670000142, 1.252032744651151e-05, 8.317281707524699e-08, 2.6482405847181107e-08, -7.579703705739681e-08, -2.7876702218102994e-05, 1.252032744651151e-05, 0.00021339301926728515, 8.266725619238986e-09, -6.874214520838815e-09, 1.2784608265623708e-08, -1.3843499918055003e-08, 8.317281707524699e-08, 8.266725619238986e-09, 2.13463480297534e-08, 3.7665612616546315e-12, 1.8111730988304956e-10, -1.0886374736196289e-07, 2.6482405847181107e-08, -6.874214520838815e-09, 3.7665612616546315e-12, 2.1355465146051354e-08, -1.8256356554369033e-10, -2.543926025160047e-07, -7.579703705739681e-08, 1.2784608265623708e-08, 1.8111730988304956e-10, -1.8256356554369033e-10, 2.9359147067255252e-08]"
1402414603442886723,,18810,,1402414603,426924943,/enu,/imu,,,,7.47016003275,14.8187812963,-10.5592434751,,-0.666538046145,-0.745174855956,0.00657047120957,-0.019957354534,"[0.023053074703097164, -0.005918494978871867, -0.009403920703740593, -2.500234512569921e-07, 1.824373882673321e-06, -0.00010543586056996651, -0.005918494978871867, 0.024429473302501933, 0.02286669275874578, -4.031549921992561e-06, -1.6955883062611024e-06, -7.165589493186312e-05, -0.009403920703740593, 0.02286669275874578, 0.16370110834399645, 1.92953103677034e-06, -7.094765595843683e-07, 1.349258547130745e-05, -2.500234512569921e-07, -4.031549921992561e-06, 1.92953103677034e-06, 4.385780540140971e-06, 3.589386366729931e-07, 1.0686503356451195e-06, 1.824373882673321e-06, -1.6955883062611024e-06, -7.094765595843683e-07, 3.589386366729931e-07, 4.126882604284287e-06, 1.022974615425513e-06, -0.00010543586056996651, -7.165589493186312e-05, 1.349258547130745e-05, 1.0686503356451195e-06, 1.022974615425513e-06, 0.0001593447656071307]",,,,0.161651827901,-0.105966751605,-0.172322017815,,-0.00242085321733,0.0313867205191,0.0856507636832,"[0.0002462855721610214, -4.378503462327322e-05, -2.812566409194707e-05, -1.3830981043070431e-08, -1.1109494683709258e-07, -2.537591447899061e-07, -4.378503462327322e-05, 0.00016862423903705356, 1.2710943545399898e-05, 8.518724855987338e-08, 2.6820810705462294e-08, -7.619454772282586e-08, -2.812566409194707e-05, 1.2710943545399898e-05, 0.00021375578088807956, 8.323509996119886e-09, -6.7808844395761016e-09, 1.2666495602645401e-08, -1.3830981043070431e-08, 8.518724855987338e-08, 8.323509996119886e-09, 2.1346347994803913e-08, 3.766340474457546e-12, 1.8112400951214916e-10, -1.1109494683709258e-07, 2.6820810705462294e-08, -6.7808844395761016e-09, 3.766340474457546e-12, 2.1355461177778696e-08, -1.825276469036481e-10, -2.537591447899061e-07, -7.619454772282586e-08, 1.2666495602645401e-08, 1.8112400951214916e-10, -1.825276469036481e-10, 2.9357846320312736e-08]"
1402414603442957632,,18811,,1402414603,436898946,/enu,/imu,,,,7.4689776717,14.8201891529,-10.5574357007,,-0.666860575404,-0.744889124952,0.00644441294367,-0.0198905515891,"[0.02305505953581761, -0.0059193318721987385, -0.009404882659095474, -2.1696247651737991e-07, 2.0120533716900935e-06, -0.00010554619851801075, -0.0059193318721987385, 0.02443179888722872, 0.02286903069779634, -4.245385019501638e-06, -1.7337569696297816e-06, -7.13984594238648e-05, -0.009404882659095474, 0.02286903069779634, 0.16372629416637557, 1.9597188144935575e-06, -7.114780881378517e-07, 1.350128379026941e-05, -2.1696247651737991e-07, -4.245385019501638e-06, 1.9597188144935575e-06, 4.425928542026902e-06, 3.589455001537795e-07, 1.0684101605683024e-06, 2.0120533716900935e-06, -1.7337569696297816e-06, -7.114780881378517e-07, 3.589455001537795e-07, 4.167017750855761e-06, 1.0212638497784359e-06, -0.00010554619851801075, -7.13984594238648e-05, 1.350128379026941e-05, 1.0684101605683024e-06, 1.0212638497784359e-06, 0.0001593651346727664]",,,,0.160900633708,-0.107376514029,-0.170142003635,,-0.00816413732672,0.026195671551,0.0853195045007,"[0.00025076220206349335, -4.44696447887485e-05, -2.837998986680562e-05, -1.3814958837187422e-08, -1.1334483998646374e-07, -2.53127341819684e-07, -4.44696447887485e-05, 0.00017245889403351417, 1.2903280810476097e-05, 8.722017199372941e-08, 2.7162596389575496e-08, -7.659369111359362e-08, -2.837998986680562e-05, 1.2903280810476097e-05, 0.000214122082636555, 8.386681519207124e-09, -6.6809966180040204e-09, 1.2557680955172515e-08, -1.3814958837187422e-08, 8.722017199372941e-08, 8.386681519207124e-09, 2.134634795485122e-08, 3.76610693979782e-12, 1.8113118138004033e-10, -1.1334483998646374e-07, 2.7162596389575496e-08, -6.6809966180040204e-09, 3.76610693979782e-12, 2.1355457154449766e-08, -1.8249171326603473e-10, -2.53127341819684e-07, -7.659369111359362e-08, 1.2557680955172515e-08, 1.8113118138004033e-10, -1.8249171326603473e-10, 2.9356545382583467e-08]"
1402414603482848096,,18812,,1402414603,446919918,/enu,/imu,,,,7.46761069792,14.8217515654,-10.5558238743,,-0.667168149183,-0.744616068513,0.00632160877195,-0.019839568803,"[0.023057041190956164, -0.005920178386032685, -0.009405861146828292, -1.833797390532824e-07, 2.2046627902727194e-06, -0.00010565461175588944, -0.005920178386032685, 0.024434232714807158, 0.022871274053735093, -4.464522788874255e-06, -1.7724641058854032e-06, -7.11429539300888e-05, -0.009405861146828292, 0.022871274053735093, 0.16375192772520178, 1.9900233600398627e-06, -7.13476709835703e-07, 1.351036836179512e-05, -1.833797390532824e-07, -4.464522788874255e-06, 1.9900233600398627e-06, 4.466456730828545e-06, 3.58952220789793e-07, 1.068170554517881e-06, 2.2046627902727194e-06, -1.7724641058854032e-06, -7.13476709835703e-07, 3.58952220789793e-07, 4.207533278091343e-06, 1.0195355198980382e-06, -0.00010565461175588944, -7.11429539300888e-05, 1.351036836179512e-05, 1.068170554517881e-06, 1.0195355198980382e-06, 0.00015938596003143166]",,,,0.159940014874,-0.108677152835,-0.169475623607,,-0.00982085431138,0.0233240253082,0.0809016848587,"[0.0002553466337721646, -4.516065824803209e-05, -2.8639588783719172e-05, -1.3798941311732418e-08, -1.1562711532186052e-07, -2.5249140411684117e-07, -4.516065824803209e-05, 0.00017638808356419255, 1.3098613052030123e-05, 8.928293762471684e-08, 2.7505044128109208e-08, -7.700589020629741e-08, -2.8639588783719172e-05, 1.3098613052030123e-05, 0.00021449390602001558, 8.452998710989578e-09, -6.577415677164513e-09, 1.2454698688295847e-08, -1.3798941311732418e-08, 8.928293762471684e-08, 8.452998710989578e-09, 2.1346347909539915e-08, 3.765860630451226e-12, 1.8113882503931423e-10, -1.1562711532186052e-07, 2.7505044128109208e-08, -6.577415677164513e-09, 3.765860630451226e-12, 2.1355453075274746e-08, -1.8245576497255364e-10, -2.5249140411684117e-07, -7.700589020629741e-08, 1.2454698688295847e-08, 1.8113882503931423e-10, -1.8245576497255364e-10, 2.935524425704934e-08]"
1402414603482884217,,18813,,1402414603,456873893,/enu,/imu,,,,7.46636561485,14.8232733677,-10.5542202817,,-0.667493214991,-0.744325356961,0.00615902009529,-0.0198654825626,"[0.023059069044405075, -0.0059210271789125, -0.009406822745665098, -1.4966270398107437e-07, 2.4000820260703566e-06, -0.00010575939642444266, -0.0059210271789125, 0.024436691463395912, 0.02287357756600452, -4.6865166347211375e-06, -1.8112630724084092e-06, -7.089190254444024e-05, -0.009406822745665098, 0.02287357756600452, 0.16377729745819597, 2.020068088780355e-06, -7.154472010632134e-07, 1.3519108532695084e-05, -1.4966270398107437e-07, -4.6865166347211375e-06, 2.020068088780355e-06, 4.5064487369944424e-06, 3.589583798974034e-07, 1.0679305619697832e-06, 2.4000820260703566e-06, -1.8112630724084092e-06, -7.154472010632134e-07, 3.589583798974034e-07, 4.2475131740607985e-06, 1.0177884167364042e-06, -0.00010575939642444266, -7.089190254444024e-05, 1.3519108532695084e-05, 1.0679305619697832e-06, 1.0177884167364042e-06, 0.00015940611828198692]",,,,0.158657760378,-0.110236075284,-0.168782531102,,-0.0260566758444,0.0172493946254,0.0868659443818,"[0.0002599720920536551, -4.585353717996163e-05, -2.890864073215828e-05, -1.3773874417963426e-08, -1.1791330484794266e-07, -2.518650060191836e-07, -4.585353717996163e-05, 0.00018036869408246146, 1.329431314975647e-05, 9.135229262667069e-08, 2.7856765902382326e-08, -7.740190678238858e-08, -2.890864073215828e-05, 1.329431314975647e-05, 0.00021486865890932126, 8.535554589281365e-09, -6.463419853691802e-09, 1.2355369433236923e-08, -1.3773874417963426e-08, 9.135229262667069e-08, 8.535554589281365e-09, 2.1346347858467455e-08, 3.765601467485843e-12, 1.8114694276565709e-10, -1.1791330484794266e-07, 2.7856765902382326e-08, -6.463419853691802e-09, 3.765601467485843e-12, 2.1355448939518594e-08, -1.8241980235529564e-10, -2.518650060191836e-07, -7.740190678238858e-08, 1.2355369433236923e-08, 1.8114694276565709e-10, -1.8241980235529564e-10, 2.9353942938994362e-08]"
1402414603482912241,,18814,,1402414603,466881990,/enu,/imu,,,,7.46500672416,14.8248614025,-10.5527510933,,-0.667811336313,-0.744042308244,0.00596317808149,-0.0198369136105,"[0.023061154520728582, -0.005921900387543475, -0.009407796968925995, -1.1539691816519729e-07, 2.600725134760906e-06, -0.0001058621515502134, -0.005921900387543475, 0.02443926197302667, 0.022875813697940985, -4.914132392902926e-06, -1.8506403574793648e-06, -7.0642878163925e-05, -0.009407796968925995, 0.022875813697940985, 0.163802936307276, 2.050245298626268e-06, -7.174010503935759e-07, 1.3528084723242346e-05, -1.1539691816519729e-07, -4.914132392902926e-06, 2.050245298626268e-06, 4.546877743371009e-06, 3.5896441078438797e-07, 1.0676896826249413e-06, 2.600725134760906e-06, -1.8506403574793648e-06, -7.174010503935759e-07, 3.5896441078438797e-07, 4.287930271503105e-06, 1.016023826469911e-06, -0.0001058621515502134, -7.0642878163925e-05, 1.3528084723242346e-05, 1.0676896826249413e-06, 1.016023826469911e-06, 0.00015942680278004326]",,,,0.157853957328,-0.111809474299,-0.169055442127,,-0.0236268257465,0.0297299873016,0.084104848317,"[0.00026471817386803666, -4.655792574189831e-05, -2.9174686898954385e-05, -1.374839697594481e-08, -1.2023191859600413e-07, -2.512377384167431e-07, -4.655792574189831e-05, 0.00018445166622444955, 1.3489475321616193e-05, 9.345347101702147e-08, 2.8211302810411667e-08, -7.780591565557538e-08, -2.9174686898954385e-05, 1.3489475321616193e-05, 0.0002152397133507676, 8.616369203370484e-09, -6.36453801625265e-09, 1.2226111287278962e-08, -1.374839697594481e-08, 9.345347101702147e-08, 8.616369203370484e-09, 2.1346347801489894e-08, 3.765329575858046e-12, 1.8115553137536974e-10, -1.2023191859600413e-07, 2.8211302810411667e-08, -6.36453801625265e-09, 3.765329575858046e-12, 2.135544474722639e-08, -1.8238382607710028e-10, -2.512377384167431e-07, -7.780591565557538e-08, 1.2226111287278962e-08, 1.8115553137536974e-10, -1.8238382607710028e-10, 2.9352641436283007e-08]"
1402414603482933741,,18815,,1402414603,476871967,/enu,/imu,,,,7.46369299034,14.8262107965,-10.5508969413,,-0.668098923716,-0.743784831289,0.00581644991625,-0.019852500736,"[0.02306327311421266, -0.005922761180272431, -0.009408803038594267, -8.083800225085241e-08, 2.80518030582054e-06, -0.00010596249064143088, -0.005922761180272431, 0.02444187330830145, 0.02287809765734307, -5.145755337393596e-06, -1.8903032952237034e-06, -7.039773310044982e-05, -0.009408803038594267, 0.02287809765734307, 0.16382855427271648, 2.080336588929409e-06, -7.193230880859159e-07, 1.353706693511128e-05, -8.083800225085241e-08, -5.145755337393596e-06, 2.080336588929409e-06, 4.587163184146517e-06, 3.589700520522419e-07, 1.067448045230797e-06, 2.80518030582054e-06, -1.8903032952237034e-06, -7.193230880859159e-07, 3.589700520522419e-07, 4.328204228691743e-06, 1.0142407769966976e-06, -0.00010596249064143088, -7.039773310044982e-05, 1.353706693511128e-05, 1.067448045230797e-06, 1.0142407769966976e-06, 0.00015944730164895753]",,,,0.1571822831,-0.113546259256,-0.167027967099,,-0.0224119009282,0.0166971474202,0.076484031099,"[0.00026953957677659535, -4.7260569380782274e-05, -2.944916124192863e-05, -1.3725837071971758e-08, -1.225701206768125e-07, -2.5060555128076347e-07, -4.7260569380782274e-05, 0.00018860052423704226, 1.3692320904684326e-05, 9.5571107886669e-08, 2.8559330629146715e-08, -7.822903405777315e-08, -2.944916124192863e-05, 1.3692320904684326e-05, 0.00021561686071992946, 8.699391272276974e-09, -6.2508401572875476e-09, 1.2130861297985235e-08, -1.3725837071971758e-08, 9.5571107886669e-08, 8.699391272276974e-09, 2.1346347737998432e-08, 3.7650447841145515e-12, 1.811645934242607e-10, -1.225701206768125e-07, 2.8559330629146715e-08, -6.2508401572875476e-09, 3.7650447841145515e-12, 2.135544049743941e-08, -1.823478363163866e-10, -2.5060555128076347e-07, -7.822903405777315e-08, 1.2130861297985235e-08, 1.811645934242607e-10, -1.823478363163866e-10, 2.935133974508008e-08]"
1402414603522842276,,18816,,1402414603,487869024,/enu,/imu,,,,7.46226379157,14.8280124747,-10.549338195,,-0.66843917732,-0.743479593696,0.00569876709981,-0.0198666563786,"[0.023065681891060497, -0.005923766590768575, -0.009409933542981603, -4.238936686808401e-08, 3.0349680989131268e-06, -0.00010607249716958764, -0.005923766590768575, 0.0244447869655426, 0.02288063708104447, -5.405867921880242e-06, -1.9344688265337727e-06, -7.013359918030174e-05, -0.009409933542981603, 0.02288063708104447, 0.16385680614014667, 2.113420360138284e-06, -7.213824442364044e-07, 1.3547049050737722e-05, -4.238936686808401e-08, -5.405867921880242e-06, 2.113420360138284e-06, 4.635954279954361e-06, 3.589790010446795e-07, 1.0672061422970864e-06, 3.0349680989131268e-06, -1.9344688265337727e-06, -7.213824442364044e-07, 3.589790010446795e-07, 4.376981278262151e-06, 1.0124520972255511e-06, -0.00010607249716958764, -7.013359918030174e-05, 1.3547049050737722e-05, 1.0672061422970864e-06, 1.0124520972255511e-06, 0.00015947812421188677]",,,,0.156143694086,-0.115482563913,-0.16588312331,,-0.0160059314627,0.0117269935532,0.0820065162512,"[0.0002749773451385075, -4.8048568318880425e-05, -2.975304572564548e-05, -1.369056171281381e-08, -1.251652678681276e-07, -2.4992182300022505e-07, -4.8048568318880425e-05, 0.00019331053131608025, 1.3926263193855356e-05, 9.792690828221056e-08, 2.8954231842265985e-08, -7.868438042974669e-08, -2.975304572564548e-05, 1.3926263193855356e-05, 0.0002160736175043992, 8.786613188124545e-09, -6.120993551310703e-09, 1.2045246748421972e-08, -1.369056171281381e-08, 9.792690828221056e-08, 8.786613188124545e-09, 2.1346347667871717e-08, 3.7647471741685765e-12, 1.8117412820304783e-10, -1.251652678681276e-07, 2.8954231842265985e-08, -6.120993551310703e-09, 3.7647471741685765e-12, 2.135543618998821e-08, -1.823118334018185e-10, -2.4992182300022505e-07, -7.868438042974669e-08, 1.2045246748421972e-08, 1.8117412820304783e-10, -1.823118334018185e-10, 2.93500378673809e-08]"
1402414603522871948,,18817,,1402414603,497870922,/enu,/imu,,,,7.46080943471,14.8295503253,-10.5478861389,,-0.668734291002,-0.743215854439,0.00560793735931,-0.0198290894208,"[0.023067902196668374, -0.00592468820409083, -0.00941090489550875, -7.023544722093992e-09, 3.2485470728048066e-06, -0.00010616740248127926, -0.00592468820409083, 0.024447551965861607, 0.02288285588933718, -5.647157667634133e-06, -1.9749370525959233e-06, -6.989582012448092e-05, -0.00941090489550875, 0.02288285588933718, 0.1638827163336455, 2.1434666413455224e-06, -7.232259151991094e-07, 1.3555999841692636e-05, -7.023544722093992e-09, -5.647157667634133e-06, 2.1434666413455224e-06, 4.676340097324474e-06, 3.5898399551114006e-07, 1.0669643227016798e-06, 3.2485470728048066e-06, -1.9749370525959233e-06, -7.232259151991094e-07, 3.5898399551114006e-07, 4.417356422659029e-06, 1.010630982313767e-06, -0.00010616740248127926, -6.989582012448092e-05, 1.3555999841692636e-05, 1.0669643227016798e-06, 1.010630982313767e-06, 0.00015949872262415512]",,,,0.155030674936,-0.117580558741,-0.165106899457,,-0.00694921490745,0.0170284857624,0.079576655504,"[0.00027998402936156656, -4.8773378334555025e-05, -3.0025327103900997e-05, -1.3659257896847937e-08, -1.2754879637231357e-07, -2.49292711291283e-07, -4.8773378334555025e-05, 0.0001976433960335258, 1.4140879227367815e-05, 1.000927779610077e-07, 2.9311539577729694e-08, -7.910192187523437e-08, -3.0025327103900997e-05, 1.4140879227367815e-05, 0.00021644751100296744, 8.857644234877066e-09, -6.012298470926803e-09, 1.1961229700754782e-08, -1.3659257896847937e-08, 1.000927779610077e-07, 8.857644234877066e-09, 2.134634758986123e-08, 3.764435422131842e-12, 1.811841837680653e-10, -1.2754879637231357e-07, 2.9311539577729694e-08, -6.012298470926803e-09, 3.764435422131842e-12, 2.1355431818344805e-08, -1.8227581463429966e-10, -2.49292711291283e-07, -7.910192187523437e-08, 1.1961229700754782e-08, 1.811841837680653e-10, -1.8227581463429966e-10, 2.9348735717847805e-08]"
