rosbagTimestamp,header,seq,stamp,secs,nsecs,frame_id,child_frame_id,pose,pose,position,x,y,z,orientation,x,y,z,w,covariance,twist,twist,linear,x,y,z,angular,x,y,z,covariance
1402414603335189273,,64971,,1402414603,295953035,/enu,/base_link,,,,7.43966385659,14.6634880838,-10.4132914226,,-0.0241490180154,0.00200046636865,0.75055808977,0.660360035847,"[0.023036779952332734, -0.005924193784790453, -0.009400706217257209, -3.6402946446644165e-09, 2.5525080447278945e-06, -8.571487452828171e-05, -0.005924193784790453, 0.02442698925564153, 0.02285950254045658, -4.358609473627348e-06, -1.439063965386181e-06, -7.15473854708136e-05, -0.009400706217257209, 0.02285950254045658, 0.1636254261614013, 9.644192152205764e-07, -7.178777081531878e-07, 1.3372853506216054e-05, -3.6402946446644165e-09, -4.358609473627348e-06, 9.644192152205764e-07, 4.341225758108864e-06, 3.748415641634435e-07, 7.078140114494835e-07, 2.5525080447278945e-06, -1.439063965386181e-06, -7.178777081531878e-07, 3.748415641634435e-07, 4.070730981175676e-06, 7.003100973068766e-07, -8.571487452828171e-05, -7.15473854708136e-05, 1.3372853506216054e-05, 7.078140114494835e-07, 7.003100973068766e-07, 0.00015957079219355966]",,,,0.145033726404,0.212615304624,0.186737331503,,-0.00204752568614,-0.0173712189901,-0.086727352833,"[0.00026560103788613853, 4.411090379791376e-05, 2.9712162827884598e-05, -1.9304079208748253e-08, 1.1089423290874073e-07, 4.010185332494989e-07, 4.411090379791376e-05, 0.00016356472717578464, 1.3403410873297747e-05, -8.558541702594971e-08, 2.6213574886879474e-08, -3.966583227611975e-08, 2.9712162827884598e-05, 1.3403410873297747e-05, 0.00021520181644836127, -1.2298625215874542e-08, -3.964096464973436e-09, 1.9049436217379684e-08, -1.9304079208748253e-08, -8.558541702594971e-08, -1.2298625215874542e-08, 2.1359726721250116e-08, -4.2994881620563255e-12, -1.8883541948139044e-10, 1.1089423290874073e-07, 2.6213574886879474e-08, -3.964096464973436e-09, -4.2994881620563255e-12, 2.136913896155547e-08, -1.6998955905508605e-10, 4.010185332494989e-07, -3.966583227611975e-08, 1.9049436217379684e-08, -1.8883541948139044e-10, -1.6998955905508605e-10, 2.9391274127979508e-08]"
1402414603335398218,,64972,,1402414603,305958986,/enu,/base_link,,,,7.43721362969,14.6647001865,-10.411581514,,-0.0240415344195,0.00191755183372,0.750261349061,0.660701321115,"[0.023038743641784317, -0.005924952906643798, -0.0094016924321053, 3.1482894925607354e-08, 2.7414890358860977e-06, -8.587920187930857e-05, -0.005924952906643798, 0.02442928232667582, 0.022861852274202857, -4.5758792021123134e-06, -1.4794320764497576e-06, -7.122074772485064e-05, -0.0094016924321053, 0.022861852274202857, 0.1636509961749585, 9.898764635646225e-07, -7.206829206241996e-07, 1.33825378429919e-05, 3.1482894925607354e-08, -4.5758792021123134e-06, 9.898764635646225e-07, 4.381628577544625e-06, 3.7485392389226264e-07, 7.075092074894883e-07, 2.7414890358860977e-06, -1.4794320764497576e-06, -7.206829206241996e-07, 3.7485392389226264e-07, 4.111126185354531e-06, 6.986598418531981e-07, -8.587920187930857e-05, -7.122074772485064e-05, 1.33825378429919e-05, 7.075092074894883e-07, 6.986598418531981e-07, 0.0001595916345844097]",,,,0.143287053837,0.215523563184,0.184871444561,,0.00358530987818,-0.0258756924719,-0.0893781758733,"[0.00027007468647374176, 4.482953825948754e-05, 2.9959883563207824e-05, -1.9310357637105817e-08, 1.1313091768497765e-07, 4.005599725871304e-07, 4.482953825948754e-05, 0.00016730381167296936, 1.3691209733433569e-05, -8.759824306662472e-08, 2.6546718844587605e-08, -3.9758840127192764e-08, 2.9959883563207824e-05, 1.3691209733433569e-05, 0.00021557531899866873, -1.2396187936094856e-08, -3.866328049359285e-09, 1.8916252227043876e-08, -1.9310357637105817e-08, -8.759824306662472e-08, -1.2396187936094856e-08, 2.1359726703920814e-08, -4.299342313378892e-12, -1.888401352957922e-10, 1.1313091768497765e-07, 2.6546718844587605e-08, -3.866328049359285e-09, -4.299342313378892e-12, 2.1369135122003457e-08, -1.6995640896777727e-10, 4.005599725871304e-07, -3.9758840127192764e-08, 1.8916252227043876e-08, -1.888401352957922e-10, -1.6995640896777727e-10, 2.9389975641130496e-08]"
1402414603335424781,,64973,,1402414603,315953969,/enu,/base_link,,,,7.47440746811,14.674334523,-10.43998361,,-0.0220082694177,0.00555016278952,0.748941756369,0.662246991188,"[0.023024656411536268, -0.005923041145341196, -0.009397134896651003, -1.9698647408456818e-07, 1.614389782015212e-06, -8.491398220527644e-05, -0.005923041145341196, 0.024417640059300333, 0.022852901260385014, -3.4607873024983254e-06, -1.4184832146333712e-06, -7.191217396500782e-05, -0.009397134896651003, 0.022852901260385014, 0.163547511361662, 1.0605184707820957e-06, -7.591236821172685e-07, 1.3320694662277512e-05, -1.9698647408456818e-07, -3.4607873024983254e-06, 1.0605184707820957e-06, 4.166010595443559e-06, 3.6633760042838566e-07, 9.091193935970376e-07, 1.614389782015212e-06, -1.4184832146333712e-06, -7.591236821172685e-07, 3.6633760042838566e-07, 3.9017344658467266e-06, 8.87851312642851e-07, -8.491398220527644e-05, -7.191217396500782e-05, 1.3320694662277512e-05, 9.091193935970376e-07, 8.87851312642851e-07, 0.0001593171253890323]",,,,0.156380815598,0.142600777364,0.174614867118,,0.0148940308406,-0.0282983378998,-0.0875181998678,"[0.00023286566947231693, 4.063468411097061e-05, 2.7546546314320026e-05, -1.5922800396868492e-08, 1.0172501706062428e-07, 3.1419717513790815e-07, 4.063468411097061e-05, 0.000149309100291591, 1.1918368362044763e-05, -7.697203543866558e-08, 2.505797414512345e-08, -6.152137184364797e-08, 2.7546546314320026e-05, 1.1918368362044763e-05, 0.00021266040592065566, -9.476233266094725e-09, -4.439870159539655e-09, 1.577432051949107e-08, -1.5922800396868492e-08, -7.697203543866558e-08, -9.476233266094725e-09, 2.135270186812228e-08, -4.001629026879165e-12, -1.845042025525893e-10, 1.0172501706062428e-07, 2.505797414512345e-08, -4.439870159539655e-09, -4.001629026879165e-12, 2.1361996254267163e-08, -1.77142858591791e-10, 3.1419717513790815e-07, -6.152137184364797e-08, 1.577432051949107e-08, -1.845042025525893e-10, -1.77142858591791e-10, 2.937897758103451e-08]"
1402414603335463535,,64974,,1402414603,325932025,/enu,/base_link,,,,7.47269145407,14.6757882931,-10.4383094626,,-0.0219341110388,0.00548534529225,0.748650523805,0.662579202033,"[0.023026465669953592, -0.005923778269246249, -0.009398125655690502, -1.647726130946036e-07, 1.7855110267604675e-06, -8.50541566628576e-05, -0.005923778269246249, 0.024419742537310024, 0.022855186094113168, -3.6579822660684473e-06, -1.4559286420894145e-06, -7.16183515302956e-05, -0.009398125655690502, 0.022855186094113168, 0.16357279709128744, 1.0858469739278643e-06, -7.616502785476957e-07, 1.3329938779576105e-05, -1.647726130946036e-07, -3.6579822660684473e-06, 1.0858469739278643e-06, 4.206178715421718e-06, 3.6634840977541477e-07, 9.088541740019819e-07, 1.7855110267604675e-06, -1.4559286420894145e-06, -7.616502785476957e-07, 3.6634840977541477e-07, 3.941890400064313e-06, 8.86262632585767e-07, -8.50541566628576e-05, -7.16183515302956e-05, 1.3329938779576105e-05, 9.088541740019819e-07, 8.86262632585767e-07, 0.00015933764972922716]",,,,0.156808281236,0.145809214264,0.176181949192,,0.00197164242802,-0.0189102740748,-0.0872973859506,"[0.00023694532145746066, 4.12974278629755e-05, 2.779098269087216e-05, -1.593154563523405e-08, 1.038678758161352e-07, 3.1363165835098527e-07, 4.12974278629755e-05, 0.00015273171554779007, 1.2139647255746769e-05, -7.889161764998979e-08, 2.537800431128057e-08, -6.179118306282172e-08, 2.779098269087216e-05, 1.2139647255746769e-05, 0.00021303097308549766, -9.543935999856931e-09, -4.332104031445735e-09, 1.5681074496219525e-08, -1.593154563523405e-08, -7.889161764998979e-08, -9.543935999856931e-09, 2.1352701856851396e-08, -4.0014959531363845e-12, -1.8450796536494257e-10, 1.038678758161352e-07, 2.537800431128057e-08, -4.332104031445735e-09, -4.0014959531363845e-12, 2.136199257881734e-08, -1.771082352512283e-10, 3.1363165835098527e-07, -6.179118306282172e-08, 1.5681074496219525e-08, -1.8450796536494257e-10, -1.771082352512283e-10, 2.9377679029570146e-08]"
1402414603375168382,,64975,,1402414603,335962057,/enu,/base_link,,,,7.47092739798,14.6770633486,-10.4362868303,,-0.0218918527982,0.00535308724122,0.748369890005,0.66289863401,"[0.023028294914518153, -0.005924531425613952, -0.009399069769402605, -1.3200861634081044e-07, 1.9614780137429385e-06, -8.519219840691224e-05, -0.005924531425613952, 0.02442193510284059, 0.022857460378454344, -3.8604281989665005e-06, -1.4939577182641446e-06, -7.132806750965765e-05, -0.009399069769402605, 0.022857460378454344, 0.16359821274124756, 1.1112387989183192e-06, -7.641185803902943e-07, 1.333908500475567e-05, -1.3200861634081044e-07, -3.8604281989665005e-06, 1.1112387989183192e-06, 4.246767564645942e-06, 3.663591191368467e-07, 9.085895753148272e-07, 1.9614780137429385e-06, -1.4939577182641446e-06, -7.641185803902943e-07, 3.663591191368467e-07, 3.982467242923531e-06, 8.846568616150024e-07, -8.519219840691224e-05, -7.132806750965765e-05, 1.333908500475567e-05, 9.085895753148272e-07, 8.846568616150024e-07, 0.00015935867988983108]",,,,0.155628952496,0.148379874069,0.178769463842,,-0.0123865669398,-0.0229968370153,-0.0837631452526,"[0.00024113212250814235, 4.196474211484364e-05, 2.8044188182758948e-05, -1.5940033174584402e-08, 1.0604214295291888e-07, 3.130644115831685e-07, 4.196474211484364e-05, 0.00015624235393319394, 1.2353530415299792e-05, -8.083955080084379e-08, 2.5700992925343576e-08, -6.207559344759202e-08, 2.8044188182758948e-05, 1.2353530415299792e-05, 0.00021340666556018522, -9.623370185104487e-09, -4.224514213008911e-09, 1.5566442505073435e-08, -1.5940033174584402e-08, -8.083955080084379e-08, -9.623370185104487e-09, 2.1352701842692228e-08, -4.001350841539952e-12, -1.8451219962973974e-10, 1.0604214295291888e-07, 2.5700992925343576e-08, -4.224514213008911e-09, -4.001350841539952e-12, 2.1361988850269367e-08, -1.7707359147251914e-10, 3.130644115831685e-07, -6.207559344759202e-08, 1.5566442505073435e-08, -1.8451219962973974e-10, -1.7707359147251914e-10, 2.9376380281665067e-08]"
1402414603375203065,,64976,,1402414603,345967054,/enu,/base_link,,,,7.46925785393,14.6786636521,-10.4349151609,,-0.0218626556182,0.00520219977691,0.748085357415,0.663221877978,"[0.023030168310279646, -0.005925280543399147, -0.009400046489878031, -9.89578392240583e-08, 2.1409645702163868e-06, -8.53279285144584e-05, -0.005925280543399147, 0.02442409898273792, 0.02285985028577563, -4.066583179579252e-06, -1.5322671195664274e-06, -7.104269738667967e-05, -0.009400046489878031, 0.02285985028577563, 0.16362353210157027, 1.1365494242611633e-06, -7.665263346769394e-07, 1.3348354386409248e-05, -9.89578392240583e-08, -4.066583179579252e-06, 1.1365494242611633e-06, 4.2871570709743265e-06, 3.663694338463393e-07, 9.083251790881056e-07, 2.1409645702163868e-06, -1.5322671195664274e-06, -7.665263346769394e-07, 3.663694338463393e-07, 4.022845163162745e-06, 8.830325207601126e-07, -8.53279285144584e-05, -7.104269738667967e-05, 1.3348354386409248e-05, 9.083251790881056e-07, 8.830325207601126e-07, 0.0001593794555907226]",,,,0.155011751621,0.150557096906,0.178094101577,,-0.0169149254656,-0.0235490719113,-0.0854199338665,"[0.0002453861442575532, 4.263785425501264e-05, 2.8300404435365843e-05, -1.594411967704595e-08, 1.0823110474702916e-07, 3.1250127472367365e-07, 4.263785425501264e-05, 0.00015981855056813396, 1.2567860971580053e-05, -8.280349930157743e-08, 2.60286839469766e-08, -6.235589572323523e-08, 2.8300404435365843e-05, 1.2567860971580053e-05, 0.00021378146322805942, -9.707405097982525e-09, -4.116836068012907e-09, 1.544793548454849e-08, -1.594411967704595e-08, -8.280349930157743e-08, -9.707405097982525e-09, 2.1352701825276304e-08, -4.001193565761847e-12, -1.8451690808262841e-10, 1.0823110474702916e-07, 2.60286839469766e-08, -4.116836068012907e-09, -4.001193565761847e-12, 2.136198506724858e-08, -1.7703892754036724e-10, 3.1250127472367365e-07, -6.235589572323523e-08, 1.544793548454849e-08, -1.8451690808262841e-10, -1.7703892754036724e-10, 2.9375081335486847e-08]"
1402414603375329032,,64977,,1402414603,356091976,/enu,/base_link,,,,7.49177628604,14.6823968328,-10.465812475,,-0.0206490890353,0.00727831796328,0.747225855188,0.664209426724,"[0.023016724459423498, -0.005923422514570826, -0.009395398221677481, -3.0284471221958617e-07, 1.1376364360924729e-06, -8.455834635691156e-05, -0.005923422514570826, 0.024412971283047095, 0.022851093296280107, -3.0497242411966107e-06, -1.4589411160933293e-06, -7.160208947884578e-05, -0.009395398221677481, 0.022851093296280107, 0.16352147097393288, 1.1971691498281843e-06, -7.898335300182677e-07, 1.3281924231842745e-05, -3.0284471221958617e-07, -3.0497242411966107e-06, 1.1971691498281843e-06, 4.096227173433375e-06, 3.5887790959521586e-07, 1.0703613619791325e-06, 1.1376364360924729e-06, -1.4589411160933293e-06, -7.898335300182677e-07, 3.5887790959521586e-07, 3.837430855973965e-06, 1.0344028672700484e-06, -8.455834635691156e-05, -7.160208947884578e-05, 1.3281924231842745e-05, 1.0703613619791325e-06, 1.0344028672700484e-06, 0.00015919153785884247]",,,,0.162903574241,0.107539100828,0.170483067818,,0.00100302996257,-0.0232136141738,-0.0906203162363,"[0.00021676996662627705, 3.908370738629701e-05, 2.6404432946695767e-05, -1.385198610377639e-08, 9.784257724044559e-08, 2.582781461070934e-07, 3.908370738629701e-05, 0.00014355237605105797, 1.1382607110396244e-05, -7.346020695283036e-08, 2.4523834354519468e-08, -7.718256010926476e-08, 2.6404432946695767e-05, 1.1382607110396244e-05, 0.00021112979429696374, -7.944819831316773e-09, -4.705212138802995e-09, 1.340301117568514e-08, -1.385198610377639e-08, -7.346020695283036e-08, -7.944819831316773e-09, 2.1346348151445107e-08, -3.767612706072025e-12, -1.8108727560533843e-10, 9.784257724044559e-08, 2.4523834354519468e-08, -4.705212138802995e-09, -3.767612706072025e-12, 2.1355487790598584e-08, -1.8277871665078029e-10, 2.582781461070934e-07, -7.718256010926476e-08, 1.340301117568514e-08, -1.8108727560533843e-10, -1.8277871665078029e-10, 2.936694705186328e-08]"
1402414603415105815,,64978,,1402414603,365926980,/enu,/base_link,,,,7.49052487523,14.6838636324,-10.4641100276,,-0.0205616347622,0.00721909007604,0.746943546597,0.664530241683,"[0.02301843282427786, -0.0059241117093062085, -0.009396368399974105, -2.7274962063510615e-07, 1.2992154098542087e-06, -8.4672842732359e-05, -0.0059241117093062085, 0.02441494273352227, 0.022853392843336102, -3.2356200798575e-06, -1.494172216121938e-06, -7.134284331038437e-05, -0.009396368399974105, 0.022853392843336102, 0.16354613794349024, 1.2220657028582606e-06, -7.920480583784564e-07, 1.3290554821320614e-05, -2.7274962063510615e-07, -3.2356200798575e-06, 1.2220657028582606e-06, 4.135250873085171e-06, 3.588864793088444e-07, 1.0701118949946277e-06, 1.2992154098542087e-06, -1.494172216121938e-06, -7.920480583784564e-07, 3.588864793088444e-07, 3.876439996977475e-06, 1.032822005784235e-06, -8.4672842732359e-05, -7.134284331038437e-05, 1.3290554821320614e-05, 1.0701118949946277e-06, 1.032822005784235e-06, 0.00015921059952809274]",,,,0.162721966041,0.10793615434,0.171258276157,,0.0046478057844,-0.0206733109574,-0.0852084767577,"[0.00022062247713931514, 3.9710184422140026e-05, 2.6639397432613485e-05, -1.385937333734112e-08, 9.991923114640501e-08, 2.5763897257935487e-07, 3.9710184422140026e-05, 0.0001468047605560285, 1.1566912822379549e-05, -7.531948516849476e-08, 2.483348993834355e-08, -7.757216631600721e-08, 2.6639397432613485e-05, 1.1566912822379549e-05, 0.00021148612722054125, -7.993053458082893e-09, -4.601361009787959e-09, 1.33162673010222e-08, -1.385937333734112e-08, -7.531948516849476e-08, -7.993053458082893e-09, 2.134634813967825e-08, -3.767469197365925e-12, -1.8109109820676826e-10, 9.991923114640501e-08, 2.483348993834355e-08, -4.601361009787959e-09, -3.767469197365925e-12, 2.1355484149733164e-08, -1.8274290155074576e-10, 2.5763897257935487e-07, -7.757216631600721e-08, 1.33162673010222e-08, -1.8109109820676826e-10, -1.8274290155074576e-10, 2.936564754746863e-08]"
1402414603454883619,,64979,,1402414603,375916004,/enu,/base_link,,,,7.48925572796,14.6855275472,-10.4626648793,,-0.0204469829267,0.00713512784096,0.746673377299,0.664838234816,"[0.023020151425303552, -0.005924827315315431, -0.009397316594689016, -2.418159259998805e-07, 1.467165740026781e-06, -8.4786165852185e-05, -0.005924827315315431, 0.02441708200438398, 0.022855545579791043, -3.428525122793833e-06, -1.5303225574244958e-06, -7.108206875907365e-05, -0.009397316594689016, 0.022855545579791043, 0.1635715854022024, 1.2472347095251934e-06, -7.94302664513174e-07, 1.3299661249136067e-05, -2.418159259998805e-07, -3.428525122793833e-06, 1.2472347095251934e-06, 4.175505078167651e-06, 3.5889531934709185e-07, 1.069864322459634e-06, 1.467165740026781e-06, -1.5303225574244958e-06, -7.94302664513174e-07, 3.5889531934709185e-07, 3.916679473133456e-06, 1.031225964978028e-06, -8.4786165852185e-05, -7.108206875907365e-05, 1.3299661249136067e-05, 1.069864322459634e-06, 1.031225964978028e-06, 0.0001592311627856808]",,,,0.161255692374,0.108844134148,0.172233329537,,0.00442690992779,-0.02774196318,-0.0805697630867,"[0.00022462507307711548, 4.035090914773042e-05, 2.6879837717536007e-05, -1.386779395312883e-08, 1.0204866072804267e-07, 2.5699007372476033e-07, 4.035090914773042e-05, 0.00015018233294402885, 1.1751505750514708e-05, -7.722733564128492e-08, 2.514691499390462e-08, -7.79815254369013e-08, 2.6879837717536007e-05, 1.1751505750514708e-05, 0.00021184984808550274, -8.041692381329792e-09, -4.503123236031852e-09, 1.3210229395907128e-08, -1.386779395312883e-08, -7.722733564128492e-08, -8.041692381329792e-09, 2.1346348124973123e-08, -3.7673132868387005e-12, -1.810953856819067e-10, 1.0204866072804267e-07, 2.514691499390462e-08, -4.503123236031852e-09, -3.7673132868387005e-12, 2.135548045698572e-08, -1.8270706899167385e-10, 2.5699007372476033e-07, -7.79815254369013e-08, 1.3210229395907128e-08, -1.810953856819067e-10, -1.8270706899167385e-10, 2.936434785944376e-08]"
1402414603454910946,,64980,,1402414603,385935068,/enu,/base_link,,,,7.48798055988,14.6869419909,-10.46080196,,-0.020314861052,0.00701974875278,0.746393417356,0.665157797876,"[0.02302192883384959, -0.00592556388707251, -0.009398338903010001, -2.1042233133713056e-07, 1.6394778344897362e-06, -8.48966599446185e-05, -0.00592556388707251, 0.024419180150626604, 0.022857948553969786, -3.6261132016776452e-06, -1.566947462081913e-06, -7.082426109730611e-05, -0.009398338903010001, 0.022857948553969786, 0.16359673637899477, 1.2724008744689599e-06, -7.965285416645678e-07, 1.3308453505453978e-05, -2.1042233133713056e-07, -3.6261132016776452e-06, 1.2724008744689599e-06, 4.216003492789662e-06, 3.589039631683895e-07, 1.0696184920205205e-06, 1.6394778344897362e-06, -1.566947462081913e-06, -7.965285416645678e-07, 3.589039631683895e-07, 3.9571633441312384e-06, 1.029611702322765e-06, -8.48966599446185e-05, -7.082426109730611e-05, 1.3308453505453978e-05, 1.0696184920205205e-06, 1.029611702322765e-06, 0.00015925201539059475]",,,,0.16020482256,0.110870533529,0.170384046224,,0.00210750671522,-0.03436882652,-0.0841041457502,"[0.00022872023656836038, 4.100327426799202e-05, 2.7122073935539307e-05, -1.3871395214620334e-08, 1.0420387294725894e-07, 2.5634383519763636e-07, 4.100327426799202e-05, 0.00015364702612678436, 1.1934969622404589e-05, -7.916228157953048e-08, 2.546793985043293e-08, -7.838517155375524e-08, 2.7122073935539307e-05, 1.1934969622404589e-05, 0.00021221259873730356, -8.09176313371486e-09, -4.411305802616616e-09, 1.3085493951680506e-08, -1.3871395214620334e-08, -7.916228157953048e-08, -8.09176313371486e-09, 2.1346348107036592e-08, -3.7671446530827696e-12, -1.8110014529293174e-10, 1.0420387294725894e-07, 2.546793985043293e-08, -4.411305802616616e-09, -3.7671446530827696e-12, 2.1355476711542035e-08, -1.8267121922434835e-10, 2.5634383519763636e-07, -7.838517155375524e-08, 1.3085493951680506e-08, -1.8110014529293174e-10, -1.8267121922434835e-10, 2.9363047975456934e-08]"
1402414603454929845,,64981,,1402414603,395916938,/enu,/base_link,,,,7.4865784373,14.6884418719,-10.4590956189,,-0.0201692619727,0.00692690518328,0.746092713613,0.665500474493,"[0.023023745285854123, -0.005926312188112421, -0.009399264646550273, -1.7879506517977994e-07, 1.8149796159243995e-06, -8.500528135011286e-05, -0.005926312188112421, 0.024421427425810074, 0.022860226986068984, -3.8270520548747395e-06, -1.6037950397694031e-06, -7.057094973942554e-05, -0.009399264646550273, 0.022860226986068984, 0.1636217542622791, 1.2974940980241936e-06, -7.987063928609868e-07, 1.3317613759807566e-05, -1.7879506517977994e-07, -3.8270520548747395e-06, 1.2974940980241936e-06, 4.2562051245262814e-06, 3.589121630439077e-07, 1.0693744735239118e-06, 1.8149796159243995e-06, -1.6037950397694031e-06, -7.987063928609868e-07, 3.589121630439077e-07, 3.997350808420967e-06, 1.0279779319830809e-06, -8.500528135011286e-05, -7.057094973942554e-05, 1.3317613759807566e-05, 1.0693744735239118e-06, 1.0279779319830809e-06, 0.0001592724940841448]",,,,0.160029375946,0.112443065179,0.169474129246,,0.0074089989424,-0.0334852405115,-0.0900684060455,"[0.00023287168772866422, 4.166681333879797e-05, 2.7361666441638872e-05, -1.3866586505436886e-08, 1.0637003786020568e-07, 2.557070732718986e-07, 4.166681333879797e-05, 0.00015717874766485053, 1.21245505854806e-05, -8.111248669484199e-08, 2.5797763962222018e-08, -7.877024379448164e-08, 2.7361666441638872e-05, 1.21245505854806e-05, 0.00021257175358581706, -8.138131832215795e-09, -4.320985827863871e-09, 1.2968091540269205e-08, -1.3866586505436886e-08, -8.111248669484199e-08, -8.138131832215795e-09, 2.134634808553374e-08, -3.7669633274201716e-12, -1.8110537853393833e-10, 1.0637003786020568e-07, 2.5797763962222018e-08, -4.320985827863871e-09, -3.7669633274201716e-12, 2.1355472912077666e-08, -1.8263535200839786e-10, 2.557070732718986e-07, -7.877024379448164e-08, 1.2968091540269205e-08, -1.8110537853393833e-10, -1.8263535200839786e-10, 2.936174789468021e-08]"
1402414603454945460,,64982,,1402414603,406928062,/enu,/base_link,,,,7.48504675836,14.6901858097,-10.4574275852,,-0.0201146353589,0.0068179843744,0.745759407278,0.665876732579,"[0.023025767731207524, -0.005927170648798389, -0.00940029768929674, -1.435098249724175e-07, 2.0135399520214506e-06, -8.512676502978737e-05, -0.005927170648798389, 0.024423902541042396, 0.022862750411686516, -4.054108488184569e-06, -1.644965257270171e-06, -7.029891720929389e-05, -0.00940029768929674, 0.022862750411686516, 0.16364970046290897, 1.3246566718669508e-06, -8.010577266382232e-07, 1.332768008178282e-05, -1.435098249724175e-07, -4.054108488184569e-06, 1.3246566718669508e-06, 4.305098727829987e-06, 3.589237928510195e-07, 1.0691332284112803e-06, 2.0135399520214506e-06, -1.644965257270171e-06, -8.010577266382232e-07, 3.589237928510195e-07, 4.046227580049423e-06, 1.026339995175572e-06, -8.512676502978737e-05, -7.029891720929389e-05, 1.332768008178282e-05, 1.0691332284112803e-06, 1.026339995175572e-06, 0.00015930352503113653]",,,,0.161020887644,0.11503877004,0.171577469193,,-0.00628652399082,-0.0199001614776,-0.0900685027858,"[0.00023757612491431015, 4.240128792015258e-05, 2.763697364444337e-05, -1.3855817129061058e-08, 1.087828792823485e-07, 2.5501074620636667e-07, 4.240128792015258e-05, 0.00016120004923957432, 1.2333786507685559e-05, -8.328550676869024e-08, 2.6167625238311316e-08, -7.920271671567713e-08, 2.763697364444337e-05, 1.2333786507685559e-05, 0.00021302070785795722, -8.203918525048624e-09, -4.202388511640461e-09, 1.286600512851647e-08, -1.3855817129061058e-08, -8.328550676869024e-08, -8.203918525048624e-09, 2.1346348060008635e-08, -3.766769303543729e-12, -1.8111108370675417e-10, 1.087828792823485e-07, 2.6167625238311316e-08, -4.202388511640461e-09, -3.766769303543729e-12, 2.135546905929266e-08, -1.8259946858234701e-10, 2.5501074620636667e-07, -7.920271671567713e-08, 1.286600512851647e-08, -1.8111108370675417e-10, -1.8259946858234701e-10, 2.936044762129666e-08]"
1402414603494876014,,64983,,1402414603,416939973,/enu,/base_link,,,,7.48378576734,14.6915888559,-10.4555988739,,-0.0200626301882,0.00669261718632,0.745461993799,0.666212515303,"[0.02302768373060078, -0.0059279129981387926, -0.00940139991343493, -1.110365528722811e-07, 2.197904162419642e-06, -8.523344042463683e-05, -0.0059279129981387926, 0.024426240198727318, 0.02286501331224883, -4.2645425443575595e-06, -1.6827010760025882e-06, -7.005361793914553e-05, -0.00940139991343493, 0.02286501331224883, 0.16367515447447983, 1.3498158099865122e-06, -8.031331796811023e-07, 1.3336977941987412e-05, -1.110365528722811e-07, -4.2645425443575595e-06, 1.3498158099865122e-06, 4.345546816165634e-06, 3.5893142075907346e-07, 1.068891400100897e-06, 2.197904162419642e-06, -1.6827010760025882e-06, -8.031331796811023e-07, 3.5893142075907346e-07, 4.0866620803999485e-06, 1.0246667340604512e-06, -8.523344042463683e-05, -7.005361793914553e-05, 1.3336977941987412e-05, 1.068891400100897e-06, 1.0246667340604512e-06, 0.0001593242816591735]",,,,0.159744406217,0.11682569607,0.170564212281,,-0.00993130053628,-0.0237658291836,-0.0886327607136,"[0.00024190462241007016, 4.307541597863149e-05, 2.789044470477565e-05, -1.3843876572377809e-08, 1.1099929387230507e-07, 2.543743461564543e-07, 4.307541597863149e-05, 0.00016489801341707053, 1.2522937967021406e-05, -8.52839066296309e-08, 2.6506515771753183e-08, -7.959561444400228e-08, 2.789044470477565e-05, 1.2522937967021406e-05, 0.00021339159287896145, -8.267215273268055e-09, -4.098004057443348e-09, 1.2760875029373667e-08, -1.3843876572377809e-08, -8.52839066296309e-08, -8.267215273268055e-09, 2.134634802970489e-08, -3.766561243937717e-12, -1.8111730986864465e-10, 1.1099929387230507e-07, 2.6506515771753183e-08, -4.098004057443348e-09, -3.766561243937717e-12, 2.1355465146102544e-08, -1.8256356555369185e-10, 2.543743461564543e-07, -7.959561444400228e-08, 1.2760875029373667e-08, -1.8111730986864465e-10, -1.8256356555369185e-10, 2.935914706740218e-08]"
1402414603494913623,,64984,,1402414603,426924943,/enu,/base_link,,,,7.48244608373,14.6933266922,-10.4543269639,,-0.0199573545338,0.0065704712094,0.745174855954,0.666538046147,"[0.023029581190869657, -0.005928703512961318, -0.009402321783503215, -7.828654012455e-08, 2.3857015283336576e-06, -8.533635306400666e-05, -0.005928703512961318, 0.024428628175183653, 0.02286723913586629, -4.478562396482301e-06, -1.720677765384649e-06, -6.981014193848906e-05, -0.009402321783503215, 0.02286723913586629, 0.16370071237033068, 1.3748590957607e-06, -8.052178667652186e-07, 1.3345938037860673e-05, -7.828654012455e-08, -4.478562396482301e-06, 1.3748590957607e-06, 4.385780540140989e-06, 3.589386366717917e-07, 1.0686503356434037e-06, 2.3857015283336576e-06, -1.720677765384649e-06, -8.052178667652186e-07, 3.589386366717917e-07, 4.126882604277686e-06, 1.0229746152988852e-06, -8.533635306400666e-05, -6.981014193848906e-05, 1.3345938037860673e-05, 1.0686503356434037e-06, 1.0229746152988852e-06, 0.0001593447656066527]",,,,0.15851315585,0.117343436208,0.168241744141,,-0.00242085321733,-0.0313867205191,-0.0856507636832,"[0.0002463080047051522, 4.375611352416301e-05, 2.8139705967582278e-05, -1.3831357676512994e-08, 1.1323049296510373e-07, 2.5374089199457555e-07, 4.375611352416301e-05, 0.000168661791971014, 1.2713619091033745e-05, -8.729833723741079e-08, 2.684491593623327e-08, -7.999295535067666e-08, 2.8139705967582278e-05, 1.2713619091033745e-05, 0.00021375437876533938, -8.323999619602654e-09, -4.004674485651177e-09, 1.2642767029643524e-08, -1.3831357676512994e-08, -8.729833723741079e-08, -8.323999619602654e-09, 2.1346347994801567e-08, -3.766340466027725e-12, -1.811240095131209e-10, 1.1323049296510373e-07, 2.684491593623327e-08, -4.004674485651177e-09, -3.766340466027725e-12, 2.1355461177919906e-08, -1.8252764697604238e-10, 2.5374089199457555e-07, -7.999295535067666e-08, 1.2642767029643524e-08, -1.811240095131209e-10, -1.8252764697604238e-10, 2.9357846319734193e-08]"
1402414603494935704,,64985,,1402414603,436898946,/enu,/base_link,,,,7.48114731187,14.6946940647,-10.4525540586,,-0.0198905515891,0.00644441294352,0.74488912495,0.666860575406,"[0.023031571336480566, -0.005929509713487332, -0.009403288486269196, -4.52242322097768e-08, 2.577273303280865e-06, -8.543789762679462e-05, -0.005929509713487332, 0.024431021271025314, 0.022869600320841527, -4.696582725886753e-06, -1.7589745496534164e-06, -6.957094695889182e-05, -0.009403288486269196, 0.022869600320841527, 0.16372589100364482, 1.39987219996745e-06, -8.072428105264108e-07, 1.3354763114636843e-05, -4.52242322097768e-08, -4.696582725886753e-06, 1.39987219996745e-06, 4.425928542032054e-06, 3.58945500152504e-07, 1.0684101604850331e-06, 2.577273303280865e-06, -1.7589745496534164e-06, -8.072428105264108e-07, 3.58945500152504e-07, 4.167017750852052e-06, 1.0212638497445817e-06, -8.543789762679462e-05, -6.957094695889182e-05, 1.3354763114636843e-05, 1.0684101604850331e-06, 1.0212638497445817e-06, 0.0001593651346720195]",,,,0.158281066559,0.119284463345,0.16673656633,,-0.00816413732672,-0.026195671551,-0.0853195045007,"[0.00025078508458612744, 4.444083839996474e-05, 2.8394334217349555e-05, -1.3815335445872513e-08, 1.1548038570707644e-07, 2.531090926278197e-07, 4.444083839996474e-05, 0.0001724969573072958, 1.290602125069767e-05, -8.933125973754233e-08, 2.718669692280426e-08, -8.039192889945153e-08, 2.8394334217349555e-05, 1.290602125069767e-05, 0.00021412070648464175, -8.387171112223467e-09, -3.904787190834909e-09, 1.2533957010389929e-08, -1.3815335445872513e-08, -8.933125973754233e-08, -8.387171112223467e-09, 2.134634795482057e-08, -3.766106970534977e-12, -1.8113118140002026e-10, 1.1548038570707644e-07, 2.718669692280426e-08, -3.904787190834909e-09, -3.766106970534977e-12, 2.1355457154385732e-08, -1.8249171320585616e-10, 2.531090926278197e-07, -8.039192889945153e-08, 1.2533957010389929e-08, -1.8113118140002026e-10, -1.8249171320585616e-10, 2.9356545382059604e-08]"
1402414603494959240,,64986,,1402414603,446919918,/enu,/base_link,,,,7.47966688178,14.6962193423,-10.4509735869,,-0.0198395688027,0.00632160877193,0.744616068516,0.66716814918,"[0.023033560381295285, -0.005930325841366594, -0.009404271810864926, -1.164244183788307e-08, 2.773821121420549e-06, -8.553799061859348e-05, -0.005930325841366594, 0.02443352315841127, 0.02287186762412629, -4.919955270371928e-06, -1.79780785438143e-06, -6.933321419871388e-05, -0.009404271810864926, 0.02287186762412629, 0.16375151735923868, 1.4249649958024185e-06, -8.092712943319447e-07, 1.3363974828722755e-05, -1.164244183788307e-08, -4.919955270371928e-06, 1.4249649958024185e-06, 4.466456730833559e-06, 3.589522207936582e-07, 1.0681705545427462e-06, 2.773821121420549e-06, -1.79780785438143e-06, -8.092712943319447e-07, 3.589522207936582e-07, 4.207533278098332e-06, 1.0195355199049905e-06, -8.553799061859348e-05, -6.933321419871388e-05, 1.3363974828722755e-05, 1.0681705545427462e-06, 1.0195355199049905e-06, 0.00015938596003143706]",,,,0.157607612349,0.120176457298,0.166443500316,,-0.00982085431138,-0.0233240253082,-0.0809016848587,"[0.00025536997274985725, 4.5131967173626654e-05, 2.8654240188040054e-05, -1.3799317900655008e-08, 1.1776266062996778e-07, 2.5247315854190564e-07, 4.5131967173626654e-05, 0.0001764266665406331, 1.3101418029256385e-05, -9.139402437099941e-08, 2.7529139964519067e-08, -8.08039580983827e-08, 2.8654240188040054e-05, 1.3101418029256385e-05, 0.00021449255679917103, -8.453488274361896e-09, -3.801206784350579e-09, 1.243097943948454e-08, -1.3799317900655008e-08, -9.139402437099941e-08, -8.453488274361896e-09, 2.1346347909509247e-08, -3.765860606399439e-12, -1.8113882506785409e-10, 1.1776266062996778e-07, 2.7529139964519067e-08, -3.801206784350579e-09, -3.765860606399439e-12, 2.1355453075272242e-08, -1.8245576502051125e-10, 2.5247315854190564e-07, -8.08039580983827e-08, 1.243097943948454e-08, -1.8113882506785409e-10, -1.8245576502051125e-10, 2.9355244257658845e-08]"
1402414603534875299,,64987,,1402414603,456873893,/enu,/base_link,,,,7.47828474144,14.6977080519,-10.4493939662,,-0.0198654825622,0.0061590200955,0.744325356961,0.667493214991,"[0.023035597804151715, -0.005931142455956504, -0.009405238283519196, 2.2071854311973445e-08, 2.973144832510303e-06, -8.563517587483472e-05, -0.005931142455956504, 0.02443605365095075, 0.022874195076395716, -5.1461835751923495e-06, -1.8367594348051374e-06, -6.910371845182297e-05, -0.009405238283519196, 0.022874195076395716, 0.16377687991380105, 1.449888991765998e-06, -8.111542864623098e-07, 1.3372870335528858e-05, 2.2071854311973445e-08, -5.1461835751923495e-06, 1.449888991765998e-06, 4.506448736995876e-06, 3.589583798977545e-07, 1.0679305620222946e-06, 2.973144832510303e-06, -1.8367594348051374e-06, -8.111542864623098e-07, 3.589583798977545e-07, 4.247513174057189e-06, 1.017788416683921e-06, -8.563517587483472e-05, -6.910371845182297e-05, 1.3372870335528858e-05, 1.0679305620222946e-06, 1.017788416683921e-06, 0.0001594061182825018]",,,,0.156932820911,0.124134315638,0.166540109796,,-0.0260566758444,-0.0172493946254,-0.0868659443818,"[0.00025999588826906134, 4.582496020228958e-05, 2.8923600740573173e-05, -1.377425097635402e-08, 1.2004884974260776e-07, 2.518467640683082e-07, 4.582496020228958e-05, 0.00018040779387201356, 1.3297185018541008e-05, -9.34633783045613e-08, 2.7880857040925215e-08, -8.119980465545514e-08, 2.8923600740573173e-05, 1.3297185018541008e-05, 0.0002148673393274035, -8.536044120908234e-09, -3.6872114861556326e-09, 1.2331654844435231e-08, -1.377425097635402e-08, -9.34633783045613e-08, -8.536044120908234e-09, 2.1346347858369665e-08, -3.765601505124959e-12, -1.8114694278205343e-10, 1.2004884974260776e-07, 2.7880857040925215e-08, -3.6872114861556326e-09, -3.765601505124959e-12, 2.1355448939407732e-08, -1.824198023735358e-10, 2.518467640683082e-07, -8.119980465545514e-08, 1.2331654844435231e-08, -1.8114694278205343e-10, -1.824198023735358e-10, 2.93539429390429e-08]"
1402414603534903200,,64988,,1402414603,466881990,/enu,/base_link,,,,7.47679532163,14.6992505766,-10.4479645635,,-0.0198369136103,0.00596317808162,0.744042308239,0.667811336319,"[0.02303769220539362, -0.005931985172035085, -0.009406217269512806, 5.6342342524281934e-08, 3.1776788134538574e-06, -8.572830221541921e-05, -0.005931985172035085, 0.024438695817219375, 0.022876456048832018, -5.377998742657461e-06, -1.8762767369411688e-06, -6.88751912836078e-05, -0.009406217269512806, 0.022876456048832018, 0.16380251152720163, 1.4748291258371378e-06, -8.130472629101314e-07, 1.338198183643748e-05, 5.6342342524281934e-08, -5.377998742657461e-06, 1.4748291258371378e-06, 4.546877743380439e-06, 3.5896441078257357e-07, 1.06768968254703e-06, 3.1776788134538574e-06, -1.8762767369411688e-06, -8.130472629101314e-07, 3.5896441078257357e-07, 4.287930271495358e-06, 1.0160238263849667e-06, -8.572830221541921e-05, -6.88751912836078e-05, 1.338198183643748e-05, 1.06768968254703e-06, 1.0160238263849667e-06, 0.0001594268027798154]",,,,0.154880958596,0.12510578715,0.165190543784,,-0.0236268257465,-0.0297299873016,-0.084104848317,"[0.0002647424338060777, 4.652946321452598e-05, 2.918995821544752e-05, -1.3748773505631366e-08, 1.2236746306759274e-07, 2.512195000523707e-07, 4.652946321452598e-05, 0.0001844912912697705, 1.3492418164762493e-05, -9.556455558065806e-08, 2.82353892353855e-08, -8.160364346528083e-08, 2.918995821544752e-05, 1.3492418164762493e-05, 0.00021523841947800217, -8.616858689958062e-09, -3.5883301984303187e-09, 1.2202401415360682e-08, -1.3748773505631366e-08, -9.556455558065806e-08, -8.616858689958062e-09, 2.134634780154123e-08, -3.765329638799698e-12, -1.8115553143377714e-10, 1.2236746306759274e-07, 2.82353892353855e-08, -3.5883301984303187e-09, -3.765329638799698e-12, 2.135544474730293e-08, -1.8238382614164454e-10, 2.512195000523707e-07, -8.160364346528083e-08, 1.2202401415360682e-08, -1.8115553143377714e-10, -1.8238382614164454e-10, 2.9352641436222176e-08]"
1402414603534925006,,64989,,1402414603,476871967,/enu,/base_link,,,,7.47536098662,14.7005694247,-10.4461335485,,-0.019852500736,0.00581644991626,0.743784831292,0.668098923712,"[0.02303982375571406, -0.0059328157977256175, -0.009407228373644824, 9.089580317042549e-08, 3.386061046416953e-06, -8.58214050444162e-05, -0.0059328157977256175, 0.024441378218581337, 0.02287876541605064, -5.613868556927305e-06, -1.916075311206639e-06, -6.864898554449729e-05, -0.009407228373644824, 0.02287876541605064, 0.1638281223308364, 1.4997627925604893e-06, -8.14933759989222e-07, 1.3391105162539004e-05, 9.089580317042549e-08, -5.613868556927305e-06, 1.4997627925604893e-06, 4.587163184142859e-06, 3.5897005205900465e-07, 1.0674480453080395e-06, 3.386061046416953e-06, -1.916075311206639e-06, -8.14933759989222e-07, 3.5897005205900465e-07, 4.328204228701632e-06, 1.0142407769509451e-06, -8.58214050444162e-05, -6.864898554449729e-05, 1.3391105162539004e-05, 1.0674480453080395e-06, 1.0142407769509451e-06, 0.00015944730164879414]",,,,0.155512568355,0.125730373396,0.164857337932,,-0.0224119009282,-0.0166971474202,-0.076484031099,"[0.00026956430435500823, 4.723222158405e-05, 2.9464747894224766e-05, -1.3726213583868362e-08, 1.2470566471871267e-07, 2.5058731651716547e-07, 4.723222158405e-05, 0.00018864068279827306, 1.369532967545708e-05, -9.768219125940467e-08, 2.858341235239895e-08, -8.202659173582413e-08, 2.9464747894224766e-05, 1.369532967545708e-05, 0.00021561559640842628, -8.699880730327346e-09, -3.4746328921133582e-09, 1.2107156105265594e-08, -1.3726213583868362e-08, -9.768219125940467e-08, -8.699880730327346e-09, 2.1346347738061582e-08, -3.7650447954539e-12, -1.8116459345880954e-10, 1.2470566471871267e-07, 2.858341235239895e-08, -3.4746328921133582e-09, -3.7650447954539e-12, 2.135544049738226e-08, -1.8234783640189026e-10, 2.5058731651716547e-07, -8.202659173582413e-08, 1.2107156105265594e-08, -1.8116459345880954e-10, -1.8234783640189026e-10, 2.9351339745118173e-08]"
1402414603534950328,,64990,,1402414603,487869024,/enu,/base_link,,,,7.47379718434,14.7023431616,-10.4445934257,,-0.0198666563787,0.00569876709966,0.743479593699,0.668439177316,"[0.023042249071654624, -0.005933788217530914, -0.00940836453187538, 1.2933812329836027e-07, 3.6206809665407286e-06, -8.592328776943378e-05, -0.005933788217530914, 0.024444371276408784, 0.022881333456723277, -5.8791528564150365e-06, -1.960392258353039e-06, -6.840591476243245e-05, -0.00940836453187538, 0.022881333456723277, 0.1638563664037752, 1.526634531084793e-06, -8.169842451457805e-07, 1.3401244993904838e-05, 1.2933812329836027e-07, -5.8791528564150365e-06, 1.526634531084793e-06, 4.6359542799554074e-06, 3.5897900104683545e-07, 1.0672061421646911e-06, 3.6206809665407286e-06, -1.960392258353039e-06, -8.169842451457805e-07, 3.5897900104683545e-07, 4.376981278263566e-06, 1.0124520971225155e-06, -8.592328776943378e-05, -6.840591476243245e-05, 1.3401244993904838e-05, 1.0672061421646911e-06, 1.0124520971225155e-06, 0.00015947812421230744]",,,,0.154970994733,0.127744004165,0.164358614148,,-0.0160059314627,-0.0117269935532,-0.0820065162512,"[0.0002750025917465238, 4.8020345368998284e-05, 2.976898273170551e-05, -1.3690938180425388e-08, 1.2730081148425306e-07, 2.499035917901486e-07, 4.8020345368998284e-05, 0.00019335127940521248, 1.3929343153191655e-05, -1.000379904133961e-07, 2.8978308857479532e-08, -8.248176794768637e-08, 2.976898273170551e-05, 1.3929343153191655e-05, 0.00021607238695296063, -8.787102609256878e-09, -3.344786844862818e-09, 1.202154622990193e-08, -1.3690938180425388e-08, -1.000379904133961e-07, -8.787102609256878e-09, 2.1346347667765636e-08, -3.76474715712389e-12, -1.811741282105243e-10, 1.2730081148425306e-07, 2.8978308857479532e-08, -3.344786844862818e-09, -3.76474715712389e-12, 2.135543619005789e-08, -1.8231183341801787e-10, 2.499035917901486e-07, -8.248176794768637e-08, 1.202154622990193e-08, -1.811741282105243e-10, -1.8231183341801787e-10, 2.935003786752226e-08]"
