rosbagTimestamp,header,seq,stamp,secs,nsecs,frame_id,child_frame_id,pose,pose,position,x,y,z,orientation,x,y,z,w,covariance,twist,twist,linear,x,y,z,angular,x,y,z,covariance
1402416313248664828,,185256,,1402416313,247535943,/enu,/imu,,,,10.8674548786,26.4203966429,-18.4499543099,,0.794940912802,-0.606101895379,-0.0160168986316,-0.0212813657883,"[0.041655374955604646, -0.00370634522789146, -0.0037973802602413254, 5.974624636840782e-07, -0.00016795190505607802, 0.00014260538136909578, -0.00370634522789146, 0.04560184341314473, 0.0025320360336907014, 0.00016654896612115707, 5.178902129030165e-06, -5.690525706602725e-07, -0.0037973802602413254, 0.0025320360336907014, 0.22841361582994363, 5.655409842398135e-07, -2.258397215594683e-05, -5.518702556807193e-06, 5.974624636840782e-07, 0.00016654896612115707, 5.655409842398135e-07, 7.901743203467307e-06, -2.2000521691777609e-07, 2.0744778389524357e-06, -0.00016795190505607802, 5.178902129030165e-06, -2.258397215594683e-05, -2.2000521691777609e-07, 8.127422201388752e-06, -1.722802930875907e-06, 0.00014260538136909578, -5.690525706602725e-07, -5.518702556807193e-06, 2.0744778389524357e-06, -1.722802930875907e-06, 0.00011572491945814686]",,,,0.164773691163,-0.496398501391,-0.173625218937,,-0.0354069548015,0.0122616799905,-0.273982248087,"[0.00048764488537244834, 9.614979506926129e-05, -2.74762798288645e-05, -3.972322284220371e-09, -1.5706998729966776e-08, -1.6458674457360007e-08, 9.614979506926129e-05, 0.000832061680930057, -0.00010626250070689655, 1.697281211498788e-08, -8.726479812107685e-09, -1.2221185398724782e-08, -2.74762798288645e-05, -0.00010626250070689655, 0.0003448090461592905, 1.25050230373462e-10, 4.1677956893865224e-10, 5.686244293441034e-10, -3.972322284220371e-09, 1.697281211498788e-08, 1.25050230373462e-10, 2.2234453246471433e-09, -4.864017465783921e-12, -1.2159931666058806e-11, -1.5706998729966776e-08, -8.726479812107685e-09, 4.1677956893865224e-10, -4.864017465783921e-12, 2.199824335399508e-09, 8.249492299696621e-13, -1.6458674457360007e-08, -1.2221185398724782e-08, 5.686244293441034e-10, -1.2159931666058806e-11, 8.249492299696621e-13, 2.219580223456083e-09]"
1402416313258675087,,185257,,1402416313,257538080,/enu,/imu,,,,10.872718204,26.4200272018,-18.4482990167,,0.795767512414,-0.605009992566,-0.0159826666852,-0.0214832364261,"[0.04167527456876373, -0.003697712483412941, -0.0038032117785472097, 5.552878701290283e-07, -0.00016757311044435658, 0.00014250233378838677, -0.003697712483412941, 0.04561426184469166, 0.0025261015092681695, 0.00016622271178749661, 5.217397072472754e-06, -3.394878109715302e-07, -0.0038032117785472097, 0.0025261015092681695, 0.22845528034151186, 5.684934628891837e-07, -2.2625789362727124e-05, -5.510796543589573e-06, 5.552878701290283e-07, 0.00016622271178749661, 5.684934628891837e-07, 7.94151356317835e-06, -2.2003993931235861e-07, 2.074274149109608e-06, -0.00016757311044435658, 5.217397072472754e-06, -2.2625789362727124e-05, -2.2003993931235861e-07, 8.167332907056898e-06, -1.7247836517043169e-06, 0.00014250233378838677, -3.394878109715302e-07, -5.510796543589573e-06, 2.074274149109608e-06, -1.7247836517043169e-06, 0.00011574753662284004]",,,,0.17030951077,-0.498563799779,-0.177496530849,,0.0293154330788,-0.0213144378794,-0.273982251196,"[0.0004932731843625945, 9.569052017957662e-05, -2.76365894588655e-05, -4.057425830064628e-09, -1.6132825239982126e-08, -1.6502344784811652e-08, 9.569052017957662e-05, 0.0008404100457912761, -0.00010665189165374218, 1.743308874852685e-08, -8.830674821531249e-09, -1.2404150347262294e-08, -2.76365894588655e-05, -0.00010665189165374218, 0.0003452816660890364, 1.269960132342252e-10, 4.5053276241931054e-10, 5.810436616635081e-10, -4.057425830064628e-09, 1.743308874852685e-08, 1.269960132342252e-10, 2.223445226417447e-09, -4.864019034224827e-12, -1.2160631290729744e-11, -1.6132825239982126e-08, -8.830674821531249e-09, 4.5053276241931054e-10, -4.864019034224827e-12, 2.199824212793129e-09, 8.248313030908968e-13, -1.6502344784811652e-08, -1.2404150347262294e-08, 5.810436616635081e-10, -1.2160631290729744e-11, 8.248313030908968e-13, 2.21957514319672e-09]"
1402416313269501547,,185258,,1402416313,268527030,/enu,/imu,,,,10.8784884893,26.4195616079,-18.4464603526,,0.796676046112,-0.603817309563,-0.0159274095906,-0.0214068177669,"[0.04169701358010484, -0.003688213914006601, -0.003809640215987989, 5.086124464627771e-07, -0.00016714806593553277, 0.00014238575748075344, -0.003688213914006601, 0.04562772517016031, 0.00251956989248666, 0.00016585592942936026, 5.260037285278303e-06, -9.261199774181725e-08, -0.003809640215987989, 0.00251956989248666, 0.2285010459305386, 5.716926986296359e-07, -2.2671793970828154e-05, -5.502753891357531e-06, 5.086124464627771e-07, 0.00016585592942936026, 5.716926986296359e-07, 7.989575743366454e-06, -2.2007512222675086e-07, 2.074066072791388e-06, -0.00016714806593553277, 5.260037285278303e-06, -2.2671793970828154e-05, -2.2007512222675086e-07, 8.215537119077666e-06, -1.7267791479679623e-06, 0.00014238575748075344, -9.261199774181725e-08, -5.502753891357531e-06, 2.074066072791388e-06, -1.7267791479679623e-06, 0.00011577855350705756]",,,,0.167630982342,-0.491025064788,-0.174892440202,,-0.0118815830294,0.0141392954997,-0.27199419615,"[0.0004996925871629848, 9.523555860756341e-05, -2.7722267712052006e-05, -4.153623671730151e-09, -1.660294678269383e-08, -1.6549915268515213e-08, 9.523555860756341e-05, 0.0008498955252262724, -0.00010682149990541121, 1.7940872116304268e-08, -8.947839744349544e-09, -1.2605473614271666e-08, -2.7722267712052006e-05, -0.00010682149990541121, 0.00034572329016364635, 1.3516493388383313e-10, 4.774374346877615e-10, 5.826775658801947e-10, -4.153623671730151e-09, 1.7940872116304268e-08, 1.3516493388383313e-10, 2.2234451273281473e-09, -4.8640206088162695e-12, -1.2161334568512706e-11, -1.660294678269383e-08, -8.947839744349544e-09, 4.774374346877615e-10, -4.8640206088162695e-12, 2.1998240891117422e-09, 8.247127105417177e-13, -1.6549915268515213e-08, -1.2605473614271666e-08, 5.826775658801947e-10, -1.2161334568512706e-11, 8.247127105417177e-13, 2.219570062508279e-09]"
1402416313280509370,,185259,,1402416313,279537916,/enu,/imu,,,,11.0834803355,26.246813627,-18.1817765411,,0.7978316555,-0.60187993995,-0.0253388875358,-0.0237303212577,"[0.041552447838686106, -0.003739030828760985, -0.0037689782997912934, 6.991981050830713e-07, -0.00017103198672696555, 0.0001427572987534488, -0.003739030828760985, 0.04554640350080202, 0.002570388089905449, 0.00016776285835771003, 4.258792991998615e-06, 8.260956445766709e-07, -0.0037689782997912934, 0.002570388089905449, 0.22831055646609677, 2.0144785268616332e-07, -2.136699545128713e-05, -5.647666743786979e-06, 6.991981050830713e-07, 0.00016776285835771003, 2.0144785268616332e-07, 7.861274940524362e-06, -2.6206325647550806e-07, 2.0407302157584352e-06, -0.00017103198672696555, 4.258792991998615e-06, -2.136699545128713e-05, -2.6206325647550806e-07, 8.065857581481514e-06, -1.7174496777204574e-06, 0.0001427572987534488, 8.260956445766709e-07, -5.647666743786979e-06, 2.0407302157584352e-06, -1.7174496777204574e-06, 0.00011580128809144934]",,,,0.427200857095,-0.617088751485,-0.248735287776,,0.0314072693098,-0.0472773723087,-0.279505278128,"[0.00046517141894730123, 0.00011289814089784049, -3.3289268592030276e-05, -3.504549701836127e-09, -1.5369717582383793e-08, -2.4419413481562018e-08, 0.00011289814089784049, 0.0008071836813626626, -9.691291935064202e-05, 1.6484666971876582e-08, -8.896280222395884e-09, -2.845475576682751e-08, -3.3289268592030276e-05, -9.691291935064202e-05, 0.0003425409463239977, 1.1433652030345428e-09, 1.6882629875225523e-09, 1.4278182258192455e-09, -3.504549701836127e-09, 1.6484666971876582e-08, 1.1433652030345428e-09, 2.2233937651039376e-09, -4.875160914421951e-12, -1.2157615635477655e-11, -1.5369717582383793e-08, -8.896280222395884e-09, 1.6882629875225523e-09, -4.875160914421951e-12, 2.199770300666061e-09, 8.150059751975155e-13, -2.4419413481562018e-08, -2.845475576682751e-08, 1.4278182258192455e-09, -1.2157615635477655e-11, 8.150059751975155e-13, 2.219562396302098e-09]"
1402416313290477088,,185260,,1402416313,289527893,/enu,/imu,,,,11.0905206809,26.2441466923,-18.1795088676,,0.798655920279,-0.600793113662,-0.0253192260619,-0.0235646423992,"[0.041569908930271314, -0.003730808677571334, -0.003774517331026267, 6.52305200390956e-07, -0.00017066548022336885, 0.0001426539917000397, -0.003730808677571334, 0.04555719883216703, 0.002564704654995912, 0.00016743982297150683, 4.3003033025635645e-06, 1.043978296638048e-06, -0.003774517331026267, 0.002564704654995912, 0.22835161687895122, 2.0382295176822555e-07, -2.1405469567723242e-05, -5.640479306628915e-06, 6.52305200390956e-07, 0.00016743982297150683, 2.0382295176822555e-07, 7.90095174417337e-06, -2.6209474001376315e-07, 2.0405508980390355e-06, -0.00017066548022336885, 4.3003033025635645e-06, -2.1405469567723242e-05, -2.6209474001376315e-07, 8.105673803339673e-06, -1.7194246685720514e-06, 0.0001426539917000397, 1.043978296638048e-06, -5.640479306628915e-06, 2.0405508980390355e-06, -1.7194246685720514e-06, 0.00011582377667795262]",,,,0.426764032869,-0.620590149949,-0.24591494163,,-0.033425567599,0.0217524811516,-0.271773937088,"[0.0004705388531823965, 0.00011268502563441183, -3.3631137713154415e-05, -3.587517575569542e-09, -1.5789920580015762e-08, -2.4418200979365154e-08, 0.00011268502563441183, 0.0008156176969441573, -9.681308359048381e-05, 1.694203785773897e-08, -9.003327788114175e-09, -2.8662156143814156e-08, -3.3631137713154415e-05, -9.681308359048381e-05, 0.00034290870327457454, 1.161109410298524e-09, 1.722504889348856e-09, 1.41781664690873e-09, -3.587517575569542e-09, 1.694203785773897e-08, 1.161109410298524e-09, 2.22339366761866e-09, -4.875161139699135e-12, -1.2158312257928544e-11, -1.5789920580015762e-08, -9.003327788114175e-09, 1.722504889348856e-09, -4.875161139699135e-12, 2.199770179599694e-09, 8.148893753241618e-13, -2.4418200979365154e-08, -2.8662156143814156e-08, 1.41781664690873e-09, -1.2158312257928544e-11, 8.148893753241618e-13, 2.2195573098615795e-09]"
1402416313300482726,,185261,,1402416313,299540042,/enu,/imu,,,,11.0975806628,26.2414430669,-18.1771645601,,0.799474702079,-0.599693341257,-0.0252848784972,-0.0238489435016,"[0.04158730887107404, -0.0037225081753621252, -0.003780106581780453, 6.049734484987017e-07, -0.00017029030483258498, 0.00014254938366727138, -0.0037225081753621252, 0.04556778274546739, 0.0025589269256662012, 0.00016710834689678654, 4.3421119645579915e-06, 1.2627060249128339e-06, -0.003780106581780453, 0.0025589269256662012, 0.22839302001171435, 2.0605785116353154e-07, -2.1444234174330636e-05, -5.633299883067303e-06, 6.049734484987017e-07, 0.00016710834689678654, 2.0605785116353154e-07, 7.940803171745664e-06, -2.621264321948418e-07, 2.0403721937580862e-06, -0.00017029030483258498, 4.3421119645579915e-06, -2.1444234174330636e-05, -2.621264321948418e-07, 8.145665834021549e-06, -1.7214106954381031e-06, 0.00014254938366727138, 1.2627060249128339e-06, -5.633299883067303e-06, 2.0403721937580862e-06, -1.7214106954381031e-06, 0.00011584643924249574]",,,,0.43283698474,-0.618449044352,-0.249672487918,,0.0401326413956,-0.0300475170194,-0.275087371393,"[0.0004760202876441587, 0.00011237557874291208, -3.4131750088461005e-05, -3.6731549867658594e-09, -1.6211423132053824e-08, -2.4414259341452877e-08, 0.00011237557874291208, 0.0008240940364286333, -9.712338221177545e-05, 1.740289034107596e-08, -9.11222860078109e-09, -2.887036292720171e-08, -3.4131750088461005e-05, -9.712338221177545e-05, 0.00034345697954894544, 1.1681774777556765e-09, 1.771962625282096e-09, 1.4415794495546639e-09, -3.6731549867658594e-09, 1.740289034107596e-08, 1.1681774777556765e-09, 2.223393569215906e-09, -4.8751613382254454e-12, -1.2159011940504886e-11, -1.6211423132053824e-08, -9.11222860078109e-09, 1.771962625282096e-09, -4.8751613382254454e-12, 2.1997700574694535e-09, 8.147720575579863e-13, -2.4414259341452877e-08, -2.887036292720171e-08, 1.4415794495546639e-09, -1.2159011940504886e-11, 8.147720575579863e-13, 2.2195522215453618e-09]"
1402416313311497934,,185262,,1402416313,310525894,/enu,/imu,,,,11.1057048461,26.2386634858,-18.1750061013,,0.80039700001,-0.598459848034,-0.0253522915335,-0.0238267492386,"[0.04160600594780353, -0.0037133466964010516, -0.0037864349281521437, 5.528758449714954e-07, -0.00016986962581715204, 0.00014243234964992827, -0.0037133466964010516, 0.04557919986768962, 0.002552568903645953, 0.00016673632855587436, 4.388359434779014e-06, 1.497289761190361e-06, -0.0037864349281521437, 0.002552568903645953, 0.2284384579464405, 2.0839608236819822e-07, -2.1486599393913755e-05, -5.626170900477964e-06, 5.528758449714954e-07, 0.00016673632855587436, 2.0839608236819822e-07, 7.98883893408177e-06, -2.621586304354326e-07, 2.040189831605447e-06, -0.00016986962581715204, 4.388359434779014e-06, -2.1486599393913755e-05, -2.621586304354326e-07, 8.193843852018153e-06, -1.7234123882128517e-06, 0.00014243234964992827, 1.497289761190361e-06, -5.626170900477964e-06, 2.040189831605447e-06, -1.7234123882128517e-06, 0.00011587739248061535]",,,,0.432120749231,-0.612944836572,-0.246355950528,,-0.0201718373451,-0.00884154445586,-0.279394836846,"[0.0004822465243791294, 0.00011205316110018272, -3.45861060210734e-05, -3.771296966942241e-09, -1.667577764849607e-08, -2.440801636465277e-08, 0.00011205316110018272, 0.0008337570787378681, -9.712550709169724e-05, 1.7909651953640965e-08, -9.236519569804123e-09, -2.9101528555940638e-08, -3.45861060210734e-05, -9.712550709169724e-05, 0.0003439562348056738, 1.1864102208626526e-09, 1.8167780354623158e-09, 1.442926539955868e-09, -3.771296966942241e-09, 1.7909651953640965e-08, 1.1864102208626526e-09, 2.2233934700057502e-09, -4.87516152025564e-12, -1.2159714824880166e-11, -1.667577764849607e-08, -9.236519569804123e-09, 1.8167780354623158e-09, -4.87516152025564e-12, 2.199769934157415e-09, 8.146540997392252e-13, -2.440801636465277e-08, -2.9101528555940638e-08, 1.442926539955868e-09, -1.2159714824880166e-11, 8.146540997392252e-13, 2.2195471312038196e-09]"
1402416313350857697,,185263,,1402416313,320501089,/enu,/imu,,,,11.2452100668,26.1647830345,-18.0243889524,,0.801448070523,-0.596699641409,-0.0320006709989,-0.0246269213184,"[0.041487027659294906, -0.0037594882614495387, -0.00375104588594005, 9.537812993063512e-07, -0.000173094891875276, 0.00014272410807502159, -0.0037594882614495387, 0.04550856031978453, 0.0026012879838105676, 0.0001682343406054195, 3.2950227348749824e-06, 2.382901449703886e-06, -0.00375104588594005, 0.0026012879838105676, 0.22824713646200392, -1.4316371666681086e-07, -2.027742973976438e-05, -5.74825970465579e-06, 9.537812993063512e-07, 0.0001682343406054195, -1.4316371666681086e-07, 7.84554914277911e-06, -3.0097631404530065e-07, 1.99544762091828e-06, -0.000173094891875276, 3.2950227348749824e-06, -2.027742973976438e-05, -3.0097631404530065e-07, 8.037347550802617e-06, -1.7199536082600077e-06, 0.00014272410807502159, 2.382901449703886e-06, -5.74825970465579e-06, 1.99544762091828e-06, -1.7199536082600077e-06, 0.00011588733353464604]",,,,0.600054513292,-0.729398809142,-0.290534608116,,-0.000517265665801,0.00319220375441,-0.274535766926,"[0.00045362622010899223, 0.0001290787444127425, -3.570423488749209e-05, -3.1828476573485134e-09, -1.5481401600117632e-08, -3.077105852863133e-08, 0.0001290787444127425, 0.0007985559643978768, -8.947959386275705e-05, 1.6571601536847834e-08, -9.103040890514098e-09, -3.9139469927976764e-08, -3.570423488749209e-05, -8.947959386275705e-05, 0.0003410199796403522, 1.9593001689380322e-09, 2.4642466198016225e-09, 2.0026150390810603e-09, -3.1828476573485134e-09, 1.6571601536847834e-08, 1.9593001689380322e-09, 2.2233417937594617e-09, -4.885933942274767e-12, -1.2157396339649968e-11, -1.5481401600117632e-08, -9.103040890514098e-09, 2.4642466198016225e-09, -4.885933942274767e-12, 2.1997125251530715e-09, 8.016400826334161e-13, -3.077105852863133e-08, -3.9139469927976764e-08, 2.0026150390810603e-09, -1.2157396339649968e-11, 8.016400826334161e-13, 2.219538504515536e-09]"
1402416313350888641,,185264,,1402416313,331500053,/enu,/imu,,,,11.2547195245,26.1603879841,-18.0216708855,,0.802347651588,-0.595473073232,-0.0320636435306,-0.0249396834688,"[0.04150377163635106, -0.00375077621446127, -0.003756997368599797, 8.977613774879345e-07, -0.0001726947021812007, 0.00014260975034462425, -0.00375077621446127, 0.04551865953487172, 0.002595055767913957, 0.0001678749401131882, 3.3435285676137256e-06, 2.627081098095435e-06, -0.003756997368599797, 0.002595055767913957, 0.22829234216850702, -1.4185818538970669e-07, -2.0317663636224826e-05, -5.74160554085445e-06, 8.977613774879345e-07, 0.0001678749401131882, -1.4185818538970669e-07, 7.89370807557827e-06, -3.010050533430175e-07, 1.9952890465095645e-06, -0.0001726947021812007, 3.3435285676137256e-06, -2.0317663636224826e-05, -3.010050533430175e-07, 8.085646000903823e-06, -1.7219331101433144e-06, 0.00014260975034462425, 2.627081098095435e-06, -5.74160554085445e-06, 1.9952890465095645e-06, -1.7219331101433144e-06, 0.00011591838698101663]",,,,0.60334014162,-0.721127019071,-0.297238844118,,0.0276469131318,-0.0437480926427,-0.277738753171,"[0.0004593917555199861, 0.0001288673228655071, -3.6460719892425294e-05, -3.275367450655028e-09, -1.593723281071576e-08, -3.073153721664956e-08, 0.0001288673228655071, 0.0008079303596252384, -8.96439087553473e-05, 1.7075478708480088e-08, -9.226022082825647e-09, -3.939079019652497e-08, -3.6460719892425294e-05, -8.96439087553473e-05, 0.00034169963435553256, 1.9759791898928164e-09, 2.528943146396874e-09, 2.034079913291778e-09, -3.275367450655028e-09, 1.7075478708480088e-08, 1.9759791898928164e-09, 2.2233416962832567e-09, -4.8859328174537855e-12, -1.2158092126939803e-11, -1.593723281071576e-08, -9.226022082825647e-09, 2.528943146396874e-09, -4.8859328174537855e-12, 2.199712404881478e-09, 8.015249411032192e-13, -3.073153721664956e-08, -3.939079019652497e-08, 2.034079913291778e-09, -1.2158092126939803e-11, 8.015249411032192e-13, 2.2195334107736465e-09]"
1402416313350915676,,185265,,1402416313,341506958,/enu,/imu,,,,11.2634857797,26.1562345781,-18.0189457197,,0.803175982295,-0.594343809253,-0.0320363093371,-0.0252478266603,"[0.0415187631619689, -0.0037427937605498717, -0.003762378010110103, 8.465939699914485e-07, -0.00017232171889405406, 0.00014251093610350205, -0.0037427937605498717, 0.045527575616037264, 0.0025894686356321304, 0.00016753865692417481, 3.3880220735688037e-06, 2.8453605007199384e-06, -0.003762378010110103, 0.0025894686356321304, 0.22833323907682884, -1.4084800830961184e-07, -2.0354233246649295e-05, -5.7349722205741255e-06, 8.465939699914485e-07, 0.00016753865692417481, -1.4084800830961184e-07, 7.933518616258797e-06, -3.0103365520678283e-07, 1.9951351579377054e-06, -0.00017232171889405406, 3.3880220735688037e-06, -2.0354233246649295e-05, -3.0103365520678283e-07, 8.125597038500108e-06, -1.7239210627704998e-06, 0.00014251093610350205, 2.8453605007199384e-06, -5.7349722205741255e-06, 1.9951351579377054e-06, -1.7239210627704998e-06, 0.00011594097518459035]",,,,0.610823440772,-0.720624057997,-0.302073931784,,0.0413424352626,-0.0330346572385,-0.28182532036,"[0.0004647423500822487, 0.00012865258771094029, -3.7170254685874846e-05, -3.363091605236669e-09, -1.6353422934166204e-08, -3.069257111577223e-08, 0.00012865258771094029, 0.0008165739121593073, -8.985169937289649e-05, 1.753596074416742e-08, -9.340660530352106e-09, -3.962071207695355e-08, -3.7170254685874846e-05, -8.985169937289649e-05, 0.00034229854030944193, 1.9881409118556112e-09, 2.588098211104944e-09, 2.0648528881322504e-09, -3.363091605236669e-09, 1.753596074416742e-08, 1.9881409118556112e-09, 2.2233415978398964e-09, -4.8859316113276214e-12, -1.2158791557259034e-11, -1.6353422934166204e-08, -9.340660530352106e-09, 2.588098211104944e-09, -4.8859316113276214e-12, 2.1997122835250544e-09, 8.014089971067734e-13, -3.069257111577223e-08, -3.962071207695355e-08, 2.0648528881322504e-09, -1.2158791557259034e-11, 8.014089971067734e-13, 2.2195283151631826e-09]"
1402416313390868064,,185266,,1402416313,351480007,/enu,/imu,,,,11.2520235751,26.1662113352,-18.0635732235,,0.803906586373,-0.593452699352,-0.0307700761865,-0.024521346415,"[0.041418673894757174, -0.0037833875400450937, -0.003732243118404423, 1.390524956554438e-06, -0.0001749397682091794, 0.00014267876989241632, -0.0037833875400450937, 0.045464890147210356, 0.002635593350773889, 0.00016865601248427335, 2.282133301720768e-06, 3.556708101293357e-06, -0.003732243118404423, 0.002635593350773889, 0.22814597222360525, -4.651440808291063e-07, -1.925136300769176e-05, -5.80081395089872e-06, 1.390524956554438e-06, 0.00016865601248427335, -4.651440808291063e-07, 7.792403898815293e-06, -3.353100199535937e-07, 1.953499516905292e-06, -0.0001749397682091794, 2.282133301720768e-06, -1.925136300769176e-05, -3.353100199535937e-07, 7.977491646105743e-06, -1.7252086611087493e-06, 0.00014267876989241632, 3.556708101293357e-06, -5.80081395089872e-06, 1.953499516905292e-06, -1.7252086611087493e-06, 0.00011595302215708554]",,,,0.576231737475,-0.713313912814,-0.283486310489,,-0.0292330392716,0.0145697388364,-0.278511646815,"[0.0004316660539209626, 0.00012692506407838185, -3.1595391088983286e-05, -2.8996633914446493e-09, -1.538527949353237e-08, -3.000887010522837e-08, 0.00012692506407838185, 0.0007604101243374541, -8.656520603907597e-05, 1.649157743426327e-08, -9.032559425935832e-09, -3.7304584330999395e-08, -3.1595391088983286e-05, -8.656520603907597e-05, 0.00033701302240350645, 1.923741399110778e-09, 2.2122535541333065e-09, 1.898929363956043e-09, -2.8996633914446493e-09, 1.649157743426327e-08, 1.923741399110778e-09, 2.2232914886569597e-09, -4.895653066398175e-12, -1.2157546801980534e-11, -1.538527949353237e-08, -9.032559425935832e-09, 2.2122535541333065e-09, -4.895653066398175e-12, 2.199654368458616e-09, 7.892645886481075e-13, -3.000887010522837e-08, -3.7304584330999395e-08, 1.898929363956043e-09, -1.2157546801980534e-11, 7.892645886481075e-13, 2.219520365573944e-09]"
1402416313390895581,,185267,,1402416313,362498998,/enu,/imu,,,,11.2615584899,26.1620324465,-18.0607182503,,0.804828841898,-0.592198472984,-0.0307424888296,-0.0246252558575,"[0.041433311714180576, -0.0037750245490940546, -0.0037378801555837306, 1.3312279366694048e-06, -0.00017454763085092035, 0.0001425706839675715, -0.0037750245490940546, 0.045473519129536955, 0.0026295995066879982, 0.000168298670162272, 2.3326718854103956e-06, 3.8063989892542134e-06, -0.0037378801555837306, 0.0026295995066879982, 0.22819062061391276, -4.649928285859396e-07, -1.928961763983556e-05, -5.794720435986056e-06, 1.3312279366694048e-06, 0.000168298670162272, -4.649928285859396e-07, 7.840743635745466e-06, -3.3533572295195945e-07, 1.9533565789909265e-06, -0.00017454763085092035, 2.3326718854103956e-06, -1.928961763983556e-05, -3.3533572295195945e-07, 8.02596943639027e-06, -1.7271714934887928e-06, 0.0001425706839675715, 3.8063989892542134e-06, -5.794720435986056e-06, 1.9533565789909265e-06, -1.7271714934887928e-06, 0.00011598423506480933]",,,,0.58350357053,-0.716632954214,-0.288504922679,,0.00710427384199,-0.00796160224277,-0.282819111129,"[0.0004373755261257483, 0.0001268355223668484, -3.22263264121781e-05, -2.9931376471650824e-09, -1.583857744724932e-08, -2.997022425766933e-08, 0.0001268355223668484, 0.0007697147684150597, -8.656347596915935e-05, 1.6994452533707557e-08, -9.159512459520596e-09, -3.755631606381149e-08, -3.22263264121781e-05, -8.656347596915935e-05, 0.00033761213820058725, 1.9419276199777487e-09, 2.2669541572258007e-09, 1.9090478054155633e-09, -2.9931376471650824e-09, 1.6994452533707557e-08, 1.9419276199777487e-09, 2.2232913919918433e-09, -4.895650750595048e-12, -1.215823883260637e-11, -1.583857744724932e-08, -9.159512459520596e-09, 2.2669541572258007e-09, -4.895650750595048e-12, 2.1996542501339574e-09, 7.891512723759513e-13, -2.997022425766933e-08, -3.755631606381149e-08, 1.9090478054155633e-09, -1.215823883260637e-11, 7.891512723759513e-13, 2.219515266355748e-09]"
1402416313390918546,,185268,,1402416313,373470067,/enu,/imu,,,,11.2709773383,26.1579807858,-18.0580603366,,0.805736007775,-0.590956203249,-0.0308063783923,-0.0247228369526,"[0.04144767708185097, -0.0037666749625169227, -0.0037436031459981475, 1.271830464299559e-06, -0.00017414769955708656, 0.00014246396718262312, -0.0037666749625169227, 0.04548182697416976, 0.0026236554361527844, 0.0001679332925537789, 2.3835279041665666e-06, 4.052095753554973e-06, -0.0037436031459981475, 0.0026236554361527844, 0.22823507814572302, -4.650093762116884e-07, -1.932786080910414e-05, -5.788536497757344e-06, 1.271830464299559e-06, 0.0001679332925537789, -4.650093762116884e-07, 7.888657819952096e-06, -3.3536161085633546e-07, 1.9532147440771858e-06, -0.00017414769955708656, 2.3835279041665666e-06, -1.932786080910414e-05, -3.3536161085633546e-07, 8.07402306512816e-06, -1.7291476008759402e-06, 0.00014246396718262312, 4.052095753554973e-06, -5.788536497757344e-06, 1.9532147440771858e-06, -1.7291476008759402e-06, 0.00011601501166147092]",,,,0.584187000847,-0.707927212452,-0.290667089632,,-0.00349871204446,-0.0207735401907,-0.28005791965,"[0.0004432225101800368, 0.00012673509398564956, -3.2875043222058514e-05, -3.0885945342505583e-09, -1.629168968607282e-08, -2.993112655712859e-08, 0.00012673509398564956, 0.0007791818228123878, -8.653058116228907e-05, 1.7497124384596528e-08, -9.288638069731281e-09, -3.780676021551031e-08, -3.2875043222058514e-05, -8.653058116228907e-05, 0.00033819687806514997, 1.9622286983912617e-09, 2.3229326110662493e-09, 1.9189521842459368e-09, -3.0885945342505583e-09, 1.7497124384596528e-08, 1.9622286983912617e-09, 2.2232912943450067e-09, -4.895648387747057e-12, -1.215893472111941e-11, -1.629168968607282e-08, -9.288638069731281e-09, 2.3229326110662493e-09, -4.895648387747057e-12, 2.1996541306040924e-09, 7.89037150345896e-13, -2.993112655712859e-08, -3.780676021551031e-08, 1.9189521842459368e-09, -1.215893472111941e-11, 7.89037150345896e-13, 2.219510165697776e-09]"
1402416313390947008,,185269,,1402416313,383471965,/enu,/imu,,,,11.2795765932,26.1541942903,-18.0555753997,,0.80657751374,-0.589818532545,-0.0307021401856,-0.0245803088607,"[0.0414605102332742, -0.003759003075418778, -0.0037488680557676954, 1.2174609850100789e-06, -0.0001737745398929147, 0.00014236650042512408, -0.003759003075418778, 0.0454891740169228, 0.0026180578269524983, 0.00016759149853519802, 2.430077301882369e-06, 4.2756564705804025e-06, -0.0037488680557676954, 0.0026180578269524983, 0.2282760944480261, -4.649838000316357e-07, -1.9362482106235567e-05, -5.782536556736751e-06, 1.2174609850100789e-06, 0.00016759149853519802, -4.649838000316357e-07, 7.92842892600694e-06, -3.353873136521274e-07, 1.9530778179298155e-06, -0.0001737745398929147, 2.430077301882369e-06, -1.9362482106235567e-05, -3.353873136521274e-07, 8.113934602570016e-06, -1.7311319819233922e-06, 0.00014236650042512408, 4.2756564705804025e-06, -5.782536556736751e-06, 1.9530778179298155e-06, -1.7311319819233922e-06, 0.00011603753087552858]",,,,0.587982068341,-0.715648062971,-0.288564927014,,-0.021722593337,0.0327936267725,-0.282156428497,"[0.0004486914795460985, 0.00012667730575811263, -3.340061552267604e-05, -3.1796988929631854e-09, -1.6707558181744502e-08, -2.989425342256261e-08, 0.00012667730575811263, 0.0007879798523041019, -8.635167171721768e-05, 1.7957003337665798e-08, -9.409614668406992e-09, -3.8036345131636244e-08, -3.340061552267604e-05, -8.635167171721768e-05, 0.0003386269256096584, 1.9825251848928104e-09, 2.363715413027723e-09, 1.9049145706320864e-09, -3.1796988929631854e-09, 1.7957003337665798e-08, 1.9825251848928104e-09, 2.223291195721557e-09, -4.895645948861963e-12, -1.2159633941438086e-11, -1.6707558181744502e-08, -9.409614668406992e-09, 2.363715413027723e-09, -4.895645948861963e-12, 2.1996540098923998e-09, 7.889222034709927e-13, -2.989425342256261e-08, -3.8036345131636244e-08, 1.9049145706320864e-09, -1.2159633941438086e-11, 7.889222034709927e-13, 2.2195050635875347e-09]"
1402416313430860412,,185270,,1402416313,393485069,/enu,/imu,,,,11.2071976249,26.1565439961,-18.157676411,,0.807343029252,-0.588968852293,-0.026486164974,-0.0247266498289,"[0.041373731027051344, -0.003794749772900605, -0.003722622508014064, 1.8729548516178535e-06, -0.00017589636001436067, 0.0001425277804789723, -0.003794749772900605, 0.04543157415442501, 0.002662190177146074, 0.00016837942700637334, 1.313921936502808e-06, 4.8886590441379744e-06, -0.003722622508014064, 0.002662190177146074, 0.22809195240366664, -7.666545607073697e-07, -1.8342905771964636e-05, -5.8362065241927e-06, 1.8729548516178535e-06, 0.00016837942700637334, -7.666545607073697e-07, 7.787888718732493e-06, -3.665032509860848e-07, 1.9154974888370874e-06, -0.00017589636001436067, 1.313921936502808e-06, -1.8342905771964636e-05, -3.665032509860848e-07, 7.971030094970678e-06, -1.7307238251038764e-06, 0.0001425277804789723, 4.8886590441379744e-06, -5.8362065241927e-06, 1.9154974888370874e-06, -1.7307238251038764e-06, 0.00011605162595038987]",,,,0.504463257866,-0.636170069147,-0.259485996761,,0.0460956684925,-0.0340242480015,-0.286905417557,"[0.00041213421004578484, 0.00011693434452478698, -2.6996752361853198e-05, -2.7989385837164966e-09, -1.579011485432356e-08, -2.5122019457096695e-08, 0.00011693434452478698, 0.0007293022283737814, -8.645787697751815e-05, 1.703981758808944e-08, -9.062927361056687e-09, -3.249070233171959e-08, -2.6996752361853198e-05, -8.645787697751815e-05, 0.0003333410652458011, 1.480821188156843e-09, 1.795684701330565e-09, 1.548782872475085e-09, -2.7989385837164966e-09, 1.703981758808944e-08, 1.480821188156843e-09, 2.223241784959646e-09, -4.904538556807797e-12, -1.2157749023345198e-11, -1.579011485432356e-08, -9.062927361056687e-09, 1.795684701330565e-09, -4.904538556807797e-12, 2.1995952992627628e-09, 7.779067054165014e-13, -2.5122019457096695e-08, -3.249070233171959e-08, 1.548782872475085e-09, -1.2157749023345198e-11, 7.779067054165014e-13, 2.2194975372232604e-09]"
1402416313430898261,,185271,,1402416313,404455900,/enu,/imu,,,,11.2156115681,26.1530912182,-18.1551594609,,0.808250406301,-0.587714181373,-0.0264759820614,-0.0249468254708,"[0.0413862600009771, -0.003786770675267158, -0.003728095883120717, 1.8108944909783684e-06, -0.00017550377473955132, 0.00014241926013056376, -0.003786770675267158, 0.045438642174066596, 0.0026563233652761556, 0.00016801678746944382, 1.3663122519987353e-06, 5.140099062518843e-06, -0.003728095883120717, 0.0026563233652761556, 0.22813603688450598, -7.674588435335952e-07, -1.8379282460392798e-05, -5.830445392584967e-06, 1.8108944909783684e-06, 0.00016801678746944382, -7.674588435335952e-07, 7.835804841145724e-06, -3.6652633906743996e-07, 1.9153664233847314e-06, -0.00017550377473955132, 1.3663122519987353e-06, -1.8379282460392798e-05, -3.6652633906743996e-07, 8.01908403458595e-06, -1.7326830496980934e-06, 0.00014241926013056376, 5.140099062518843e-06, -5.830445392584967e-06, 1.9153664233847314e-06, -1.7326830496980934e-06, 0.00011608238014652036]",,,,0.506114440677,-0.639850525539,-0.253182058958,,0.0234538765864,-0.0237526039182,-0.282818852793,"[0.0004179665944990219, 0.00011686007657941413, -2.7561023604308662e-05, -2.8948707261442275e-09, -1.623999839145306e-08, -2.5093468842133774e-08, 0.00011686007657941413, 0.0007385562217639279, -8.661743357085568e-05, 1.7542040789940828e-08, -9.194176536619234e-09, -3.2725746529298094e-08, -2.7561023604308662e-05, -8.661743357085568e-05, 0.00033394397999518885, 1.4911802587361112e-09, 1.8498735938100878e-09, 1.5686180531285608e-09, -2.8948707261442275e-09, 1.7542040789940828e-08, 1.4911802587361112e-09, 2.2232416879799478e-09, -4.904535124466883e-12, -1.2158441466748776e-11, -1.623999839145306e-08, -9.194176536619234e-09, 1.8498735938100878e-09, -4.904535124466883e-12, 2.1995951816589316e-09, 7.777940377337521e-13, -2.5093468842133774e-08, -3.2725746529298094e-08, 1.5686180531285608e-09, -1.2158441466748776e-11, 7.777940377337521e-13, 2.219492431669044e-09]"
1402416313430931044,,185272,,1402416313,414472103,/enu,/imu,,,,11.2233251187,26.1501830948,-18.1531876314,,0.809094817386,-0.586552315301,-0.0264961632593,-0.024898016527,"[0.04139745587776184, -0.003779398340980874, -0.003733177650402152, 1.754008854665107e-06, -0.00017513706327354633, 0.0001423177055101107, -0.003779398340980874, 0.04544485113944307, 0.002650943940255248, 0.00016767720763149097, 1.4145571450465377e-06, 5.3686468234133214e-06, -0.003733177650402152, 0.002650943940255248, 0.22817646849854234, -7.680017852410968e-07, -1.8412665341008863e-05, -5.824457949610085e-06, 1.754008854665107e-06, 0.00016767720763149097, -7.680017852410968e-07, 7.87569474192898e-06, -3.665492065115933e-07, 1.9152405882671226e-06, -0.00017513706327354633, 1.4145571450465377e-06, -1.8412665341008863e-05, -3.665492065115933e-07, 8.059112745816938e-06, -1.7346509748040296e-06, 0.0001423177055101107, 5.3686468234133214e-06, -5.824457949610085e-06, 1.9152405882671226e-06, -1.7346509748040296e-06, 0.0001161049952219151]",,,,0.504491066486,-0.636156350958,-0.254191077517,,-0.0205043332561,0.00076680151491,-0.286021839276,"[0.0004234055058947875, 0.00011680422423053615, -2.801634185134805e-05, -2.9860912573305403e-09, -1.6652537820133853e-08, -2.5065198853097257e-08, 0.00011680422423053615, 0.0007472201778520631, -8.655933448137423e-05, 1.800177344688028e-08, -9.317839582578977e-09, -3.294207226905906e-08, -2.801634185134805e-05, -8.655933448137423e-05, 0.0003343688392381315, 1.5075307576348492e-09, 1.8915278001725496e-09, 1.566091333677192e-09, -2.9860912573305403e-09, 1.800177344688028e-08, 1.5075307576348492e-09, 2.223241590072009e-09, -4.904531634596731e-12, -1.2159137457988191e-11, -1.6652537820133853e-08, -9.317839582578977e-09, 1.8915278001725496e-09, -4.904531634596731e-12, 2.199595062851102e-09, 7.77680531962014e-13, -2.5065198853097257e-08, -3.294207226905906e-08, 1.566091333677192e-09, -1.2159137457988191e-11, 7.77680531962014e-13, 2.2194873237085367e-09]"
1402416313430951963,,185273,,1402416313,425443887,/enu,/imu,,,,11.2315668873,26.146566256,-18.1503086214,,0.810024598306,-0.585276037194,-0.0264107983979,-0.0247907271932,"[0.04140946935420163, -0.003771289944509428, -0.0037387912229495234, 1.6911290455317273e-06, -0.00017472644057880444, 0.0001422015625009454, -0.003771289944509428, 0.04545135278857353, 0.0026451096649915016, 0.00016729695987947201, 1.4676653142738535e-06, 5.62002632699405e-06, -0.0037387912229495234, 0.0026451096649915016, 0.22822079160073003, -7.683874727603127e-07, -1.8449272569655366e-05, -5.818669393649481e-06, 1.6911290455317273e-06, 0.00016729695987947201, -7.683874727603127e-07, 7.923612737738627e-06, -3.665726284224961e-07, 1.9151112477234025e-06, -0.00017472644057880444, 1.4676653142738535e-06, -1.8449272569655366e-05, -3.665726284224961e-07, 8.107171130602958e-06, -1.7366344570643717e-06, 0.0001422015625009454, 5.62002632699405e-06, -5.818669393649481e-06, 1.9151112477234025e-06, -1.7366344570643717e-06, 0.00011613574295422391]",,,,0.510771698083,-0.641986845203,-0.254856479357,,-0.016970005593,0.0224145651429,-0.287126319379,"[0.00042957467213809876, 0.00011674875523992449, -2.8509720766027992e-05, -3.0897515685276265e-09, -1.710647553486062e-08, -2.503346239829864e-08, 0.00011674875523992449, 0.0007569320167985251, -8.64846981725117e-05, 1.8507278887826104e-08, -9.456340710969086e-09, -3.3179982873688383e-08, -2.8509720766027992e-05, -8.64846981725117e-05, 0.0003348696903780822, 1.5243493173224828e-09, 1.933728232400551e-09, 1.5586269548898632e-09, -3.0897515685276265e-09, 1.8507278887826104e-08, 1.5243493173224828e-09, 2.223241491249758e-09, -4.9045280973018536e-12, -1.2159836779941427e-11, -1.710647553486062e-08, -9.456340710969086e-09, 1.933728232400551e-09, -4.9045280973018536e-12, 2.199594942946666e-09, 7.775662482754914e-13, -2.503346239829864e-08, -3.3179982873688383e-08, 1.5586269548898632e-09, -1.2159836779941427e-11, 7.775662482754914e-13, 2.2194822139539213e-09]"
1402416313470849454,,185274,,1402416313,435446023,/enu,/imu,,,,11.253306737,26.1387132466,-18.0953764987,,0.81081518787,-0.584144072483,-0.0274303047274,-0.0245359345559,"[0.04133424437137799, -0.0038019725741847577, -0.0037159403939411367, 2.4600824228732574e-06, -0.00017639299115326866, 0.00014234834536422646, -0.0038019725741847577, 0.045397980622596285, 0.002687474887910631, 0.00016773366193013927, 3.073393821926631e-07, 6.153114836321743e-06, -0.0037159403939411367, 0.002687474887910631, 0.22803932668904492, -1.0460281952799468e-06, -1.7479499485611634e-05, -5.861878310432342e-06, 2.4600824228732574e-06, 0.00016773366193013927, -1.0460281952799468e-06, 7.776300281301872e-06, -3.9683839270728203e-07, 1.8771071319204255e-06, -0.00017639299115326866, 3.073393821926631e-07, -1.7479499485611634e-05, -3.9683839270728203e-07, 7.961569201133058e-06, -1.7362373917508585e-06, 0.00014234834536422646, 6.153114836321743e-06, -5.861878310432342e-06, 1.8771071319204255e-06, -1.7362373917508585e-06, 0.00011614986876900155]",,,,0.525432108668,-0.662557126416,-0.263081777758,,0.0157214084594,-0.0307110707256,-0.285027755085,"[0.0004030791526210935, 0.00011844729767296257, -2.5470911027669494e-05, -2.6892384793507157e-09, -1.609298634225233e-08, -2.6507634265396582e-08, 0.00011844729767296257, 0.0007153480469353024, -8.223950720622461e-05, 1.7470130148808722e-08, -9.173357297190774e-09, -3.396797387609388e-08, -2.5470911027669494e-05, -8.223950720622461e-05, 0.0003305591983309632, 1.7115928047533189e-09, 1.8313391320271286e-09, 1.612029640752288e-09, -2.6892384793507157e-09, 1.7470130148808722e-08, 1.7115928047533189e-09, 2.223190668391134e-09, -4.9131847597710086e-12, -1.2157667976067863e-11, -1.609298634225233e-08, -9.173357297190774e-09, 1.8313391320271286e-09, -4.9131847597710086e-12, 2.1995331713244034e-09, 7.66407886314742e-13, -2.6507634265396582e-08, -3.396797387609388e-08, 1.612029640752288e-09, -1.2157667976067863e-11, 7.66407886314742e-13, 2.219474712805568e-09]"
1402416313470881867,,185275,,1402416313,446463108,/enu,/imu,,,,11.2621342118,26.1353742032,-18.0931269739,,0.811729555886,-0.582888816022,-0.0273403143524,-0.0242541433364,"[0.041344814487441296, -0.0037942688354578955, -0.003721236106795213, 2.395147473631587e-06, -0.0001759959680963951, 0.00014223303610032216, -0.0037942688354578955, 0.04540366865947403, 0.0026816727567484343, 0.00016736323241037785, 3.619409922352227e-07, 6.410235882280848e-06, -0.003721236106795213, 0.0026816727567484343, 0.228083416708689, -1.0472820201288503e-06, -1.75147038901688e-05, -5.85616262216878e-06, 2.395147473631587e-06, 0.00016736323241037785, -1.0472820201288503e-06, 7.82462471698934e-06, -3.968590819639171e-07, 1.8769929301772643e-06, -0.0001759959680963951, 3.619409922352227e-07, -1.75147038901688e-05, -3.968590819639171e-07, 8.010030773233369e-06, -1.7381955820281365e-06, 0.00014223303610032216, 6.410235882280848e-06, -5.85616262216878e-06, 1.8769929301772643e-06, -1.7381955820281365e-06, 0.00011618100545931703]",,,,0.529464450274,-0.667980002547,-0.258487039455,,-0.0421532195265,0.0417426634377,-0.280388951262,"[0.0004090409254780437, 0.00011852121449616677, -2.593199842580718e-05, -2.7890497739216476e-09, -1.6543098199775807e-08, -2.6473067773077306e-08, 0.00011852121449616677, 0.0007248800988893107, -8.197813632668182e-05, 1.7973608499589614e-08, -9.311114347625372e-09, -3.4209803366198654e-08, -2.593199842580718e-05, -8.197813632668182e-05, 0.00033101365276382277, 1.7342167255720194e-09, 1.8681229067535277e-09, 1.5884321535794381e-09, -2.7890497739216476e-09, 1.7973608499589614e-08, 1.7342167255720194e-09, 2.2231905712731057e-09, -4.913180286386111e-12, -1.2158360537122267e-11, -1.6543098199775807e-08, -9.311114347625372e-09, 1.8681229067535277e-09, -4.913180286386111e-12, 2.199533054675741e-09, 7.662958794610667e-13, -2.6473067773077306e-08, -3.4209803366198654e-08, 1.5884321535794381e-09, -1.2158360537122267e-11, 7.662958794610667e-13, 2.2194695991630163e-09]"
