# oST version 5.0 parameters


[image]

width
1280

height
1024

[narrow_stereo]

camera matrix
709.594180 0.000000 627.133337
0.000000 707.219608 542.617646
0.000000 0.000000 1.000000

distortion
-0.287622 0.056962 -0.001100 0.000505 0.000000

rectification
1.000000 0.000000 0.000000
0.000000 1.000000 0.000000
0.000000 0.000000 1.000000

projection
480.594055 0.000000 627.514954 0.000000
0.000000 566.821899 558.126260 0.000000
0.000000 0.000000 1.000000 0.000000

