rosbagTimestamp,header,seq,stamp,secs,nsecs,frame_id,child_frame_id,pose,pose,position,x,y,z,orientation,x,y,z,w,covariance,twist,twist,linear,x,y,z,angular,x,y,z,covariance
1402416515091510347,,250947,,1402416515,58897018,/enu,/base_link,,,,9.25719309837,11.5097222136,-30.0242960999,,0.00165885862016,0.00431360409449,-0.565473677838,0.824753393858,"[0.030351012638741383, -0.0024544943554133877, -0.010932487431702356, 5.0005151914309e-06, 1.6076012097251673e-06, 2.0452693537536587e-05, -0.0024544943554133877, 0.03365487408249329, -1.0904780225484393e-05, -2.1984816279321764e-06, -3.2911344445959683e-06, -4.368581510148634e-06, -0.010932487431702356, -1.0904780225484393e-05, 0.2259381468150414, -4.729563289789016e-06, -1.933007911331962e-06, -2.278410592345232e-05, 5.0005151914309e-06, -2.1984816279321764e-06, -4.729563289789016e-06, 5.066046945510062e-06, -3.5062258543466285e-07, -1.1440221772566521e-07, 1.6076012097251673e-06, -3.2911344445959683e-06, -1.933007911331962e-06, -3.5062258543466285e-07, 5.5770954235936205e-06, 1.4479556161938688e-06, 2.0452693537536587e-05, -4.368581510148634e-06, -2.278410592345232e-05, -1.1440221772566521e-07, 1.4479556161938688e-06, 8.783057344860516e-05]",,,,-1.01005601775,-0.189654597219,-0.244707804046,,-0.0179004652643,0.0107948652058,-0.12531906103,"[0.00033593102305856177, -3.0023146541650275e-05, -2.5678716471539802e-05, 1.7602268821944194e-09, 1.3815845575115403e-08, -5.147290730779984e-09, -3.0023146541650275e-05, 0.0006385950995273603, -8.742266922616265e-05, -2.0318545141685612e-08, -3.943923836657376e-10, 4.5780223762029e-08, -2.5678716471539802e-05, -8.742266922616265e-05, 0.00021656024196965734, 7.092269915468107e-10, -3.964718496351692e-09, 1.4316064699821137e-10, 1.7602268821944194e-09, -2.0318545141685612e-08, 7.092269915468107e-10, 2.0074936359337056e-09, 3.813796415674921e-12, 9.982269192208936e-12, 1.3815845575115403e-08, -3.943923836657376e-10, -3.964718496351692e-09, 3.813796415674921e-12, 1.9873552049284237e-09, -2.0904366452757213e-13, -5.147290730779984e-09, 4.5780223762029e-08, 1.4316064699821137e-10, 9.982269192208936e-12, -2.0904366452757213e-13, 1.9967009352737394e-09]"
1402416515091539682,,250948,,1402416515,69886922,/enu,/base_link,,,,9.25114861342,11.5192954337,-30.0267255901,,0.0016233014756,0.00442365901224,-0.566006672606,0.824387192222,"[0.03036017335016438, -0.002452065255284348, -0.010940283239305171, 4.964069803762859e-06, 1.9987238779425496e-06, 2.0529372176173902e-05, -0.002452065255284348, 0.03366037963227375, -1.5323506420955354e-05, -2.5267607926732427e-06, -3.250628041041944e-06, -4.404036633539867e-06, -0.010940283239305171, -1.5323506420955354e-05, 0.22596107460732878, -4.730155096498523e-06, -1.9474305965504492e-06, -2.2772165688488423e-05, 4.964069803762859e-06, -2.5267607926732427e-06, -4.730155096498523e-06, 5.114269358662446e-06, -3.5060894785914587e-07, -1.1427793299765451e-07, 1.9987238779425496e-06, -3.250628041041944e-06, -1.9474305965504492e-06, -3.5060894785914587e-07, 5.625297504486179e-06, 1.446555560128729e-06, 2.0529372176173902e-05, -4.404036633539867e-06, -2.2772165688488423e-05, -1.1427793299765451e-07, 1.446555560128729e-06, 8.78678448667431e-05]",,,,-1.01149459975,-0.189889932516,-0.237271549246,,-0.0158019601898,0.0131142673055,-0.120348898065,"[0.0003426771640457633, -3.052820051782366e-05, -2.6115739904954756e-05, 1.8058564470529442e-09, 1.406981984360585e-08, -5.1871175388678825e-09, -3.052820051782366e-05, 0.0006475067255281429, -8.760733076496925e-05, -2.0617634856171313e-08, -3.634941830872698e-10, 4.584139831362903e-08, -2.6115739904954756e-05, -8.760733076496925e-05, 0.00021699673212809977, 7.097905479522597e-10, -3.982618382135908e-09, 1.513542413413796e-10, 1.8058564470529442e-09, -2.0617634856171313e-08, 7.097905479522597e-10, 2.0074935724265145e-09, 3.8137844589099005e-12, 9.982664988337746e-12, 1.406981984360585e-08, -3.634941830872698e-10, -3.982618382135908e-09, 3.8137844589099005e-12, 1.9873551785230844e-09, -2.090382203372837e-13, -5.1871175388678825e-09, 4.584139831362903e-08, 1.513542413413796e-10, 9.982664988337746e-12, -2.090382203372837e-13, 1.996698274497265e-09]"
1402416515091566829,,250949,,1402416515,79902887,/enu,/base_link,,,,9.2458027953,11.5281177548,-30.0291046233,,0.00157090381629,0.00448391422584,-0.566511813553,0.82403992129,"[0.030368553667410206, -0.002449842912175518, -0.010947346855084536, 4.9304921635070095e-06, 2.360598986097968e-06, 2.0598027147975198e-05, -0.002449842912175518, 0.03366548678380871, -1.9316393300944875e-05, -2.830940577823127e-06, -3.2133173704041833e-06, -4.4352224920144014e-06, -0.010947346855084536, -1.9316393300944875e-05, 0.2259817514657557, -4.730974481509296e-06, -1.9607753692202902e-06, -2.2760933840473905e-05, 4.9304921635070095e-06, -2.830940577823127e-06, -4.730974481509296e-06, 5.154301464009854e-06, -3.5059477578534653e-07, -1.1414574425684184e-07, 2.360598986097968e-06, -3.2133173704041833e-06, -1.9607753692202902e-06, -3.5059477578534653e-07, 5.665308906660545e-06, 1.4451430181402665e-06, 2.0598027147975198e-05, -4.4352224920144014e-06, -2.2760933840473905e-05, -1.1414574425684184e-07, 1.4451430181402665e-06, 8.789684279359869e-05]",,,,-1.01382523479,-0.18952723436,-0.237286320867,,-0.0144765896168,0.00427844542236,-0.125539928189,"[0.0003488906084600625, -3.1016352067308665e-05, -2.652205653639035e-05, 1.849140207101543e-09, 1.4302949210556417e-08, -5.225561360160208e-09, -3.1016352067308665e-05, 0.0006556972401462842, -8.777844319094961e-05, -2.08920259163968e-08, -3.3413722615510767e-10, 4.589588598983331e-08, -2.652205653639035e-05, -8.777844319094961e-05, 0.0002173617982608779, 7.103016366993588e-10, -4.000110944594904e-09, 1.5875412073978303e-10, 1.849140207101543e-09, -2.08920259163968e-08, 7.103016366993588e-10, 2.00749350816288e-09, 3.81377241990075e-12, 9.983062862061673e-12, 1.4302949210556417e-08, -3.3413722615510767e-10, -4.000110944594904e-09, 3.81377241990075e-12, 1.9873551515689306e-09, -2.0903341791435166e-13, -5.225561360160208e-09, 4.589588598983331e-08, 1.5875412073978303e-10, 9.983062862061673e-12, -2.0903341791435166e-13, 1.996695611153658e-09]"
1402416515091594687,,250950,,1402416515,89876890,/enu,/base_link,,,,9.22290758733,11.5305240488,-29.9817788535,,0.0013967090882,0.00401204216271,-0.566969393578,0.823727903781,"[0.030340153829866393, -0.0024602311815726213, -0.010926415830321798, 5.0450719405621305e-06, 8.854779883400149e-07, 2.0499883741154832e-05, -0.0024602311815726213, 0.033645359514946356, 3.2735430472564685e-06, -1.585177566207539e-06, -3.3375827336838838e-06, -4.706212243020016e-06, -0.010926415830321798, 3.2735430472564685e-06, 0.22590248384466327, -4.741298237281093e-06, -1.9394763300080325e-06, -2.2811552707713062e-05, 5.0450719405621305e-06, -1.585177566207539e-06, -4.741298237281093e-06, 4.981424329808064e-06, -3.4858091985143076e-07, -7.781986956815792e-08, 8.854779883400149e-07, -3.3375827336838838e-06, -1.9394763300080325e-06, -3.4858091985143076e-07, 5.490967063988511e-06, 1.419850004765332e-06, 2.0499883741154832e-05, -4.706212243020016e-06, -2.2811552707713062e-05, -7.781986956815792e-08, 1.419850004765332e-06, 8.791646048857884e-05]",,,,-1.02612941873,-0.195641351638,-0.224304627763,,-0.000118309254387,0.0123406065599,-0.126312989263,"[0.0003241846735338222, -3.032684759956329e-05, -2.537253262428729e-05, 1.7613993553580977e-09, 1.3328350345321176e-08, -5.350453663261435e-09, -3.032684759956329e-05, 0.0006230041286333172, -8.746974709039963e-05, -1.9722364037013536e-08, -3.9006773832735833e-10, 4.6306412069441915e-08, -2.537253262428729e-05, -8.746974709039963e-05, 0.00021643641787722035, 7.229682813048383e-10, -3.98052197560708e-09, 1.3565766753120544e-10, 1.7613993553580977e-09, -1.9722364037013536e-08, 7.229682813048383e-10, 2.007443976573402e-09, 3.813088276974357e-12, 9.989053222433431e-12, 1.3328350345321176e-08, -3.9006773832735833e-10, -3.98052197560708e-09, 3.813088276974357e-12, 1.987307896028758e-09, -2.0381820863286337e-13, -5.350453663261435e-09, 4.6306412069441915e-08, 1.3565766753120544e-10, 9.989053222433431e-12, -2.0381820863286337e-13, 1.9966917216518452e-09]"
1402416515102056267,,250951,,1402416515,100862979,/enu,/base_link,,,,9.21675187157,11.540289654,-29.9840316778,,0.00143268120254,0.00406363621721,-0.567524463545,0.823345260242,"[0.030349042993246183, -0.0024578104443354638, -0.010934288867800682, 5.0095811797649934e-06, 1.2645231110396964e-06, 2.0572366567648423e-05, -0.0024578104443354638, 0.03365070414167386, -1.1303747385487828e-06, -1.902449603094422e-06, -3.2980551495893105e-06, -4.744697914493504e-06, -0.010934288867800682, -1.1303747385487828e-06, 0.22592544332060804, -4.741815947062258e-06, -1.954148796311901e-06, -2.2799736046853868e-05, 5.0095811797649934e-06, -1.902449603094422e-06, -4.741815947062258e-06, 5.02961708538674e-06, -3.4856816120987264e-07, -7.770333733676881e-08, 1.2645231110396964e-06, -3.2980551495893105e-06, -1.954148796311901e-06, -3.4856816120987264e-07, 5.539140054683796e-06, 1.4184720946625405e-06, 2.0572366567648423e-05, -4.744697914493504e-06, -2.2799736046853868e-05, -7.770333733676881e-08, 1.4184720946625405e-06, 8.795369006249028e-05]",,,,-1.02829561062,-0.196444781624,-0.218361992931,,0.000765271274215,0.0116779194055,-0.124435368233,"[0.0003307034395020823, -3.084755100848538e-05, -2.5807288361864357e-05, 1.8074590859176482e-09, 1.3577672426030748e-08, -5.392873828733945e-09, -3.084755100848538e-05, 0.000631601549020742, -8.773783259346644e-05, -2.0016248968535104e-08, -3.5972357274594914e-10, 4.636601198878786e-08, -2.5807288361864357e-05, -8.773783259346644e-05, 0.00021690820235875755, 7.273547954218326e-10, -3.99921346409962e-09, 1.354288056409996e-10, 1.8074590859176482e-09, -2.0016248968535104e-08, 7.273547954218326e-10, 2.0074439147470126e-09, 3.8130765823386484e-12, 9.989444008858944e-12, 1.3577672426030748e-08, -3.5972357274594914e-10, -3.99921346409962e-09, 3.8130765823386484e-12, 1.987307870429144e-09, -2.0381184513569193e-13, -5.392873828733945e-09, 4.636601198878786e-08, 1.354288056409996e-10, 9.989444008858944e-12, -2.0381184513569193e-13, 1.9966890571712607e-09]"
1402416515139034742,,250952,,1402416515,110877990,/enu,/base_link,,,,9.21116337857,11.5492021195,-29.9860565194,,0.00145970516486,0.00409017532492,-0.56802393275,0.823000578098,"[0.030357232924299614, -0.002455638862282555, -0.010941288872205152, 4.976847011718407e-06, 1.6154880690437383e-06, 2.0638525678788437e-05, -0.002455638862282555, 0.03365576457319621, -5.111126588236275e-06, -2.1966401005954625e-06, -3.261644426182498e-06, -4.779496991527369e-06, -0.010941288872205152, -5.111126588236275e-06, 0.2259460173678627, -4.742647998303201e-06, -1.9676600666813597e-06, -2.278856327202481e-05, 4.976847011718407e-06, -2.1966401005954625e-06, -4.742647998303201e-06, 5.069645568167221e-06, -3.485548799581805e-07, -7.757901027311371e-08, 1.6154880690437383e-06, -3.261644426182498e-06, -1.9676600666813597e-06, -3.485548799581805e-07, 5.579148389554471e-06, 1.417081667244421e-06, 2.0638525678788437e-05, -4.779496991527369e-06, -2.278856327202481e-05, -7.757901027311371e-08, 1.417081667244421e-06, 8.79826721862128e-05]",,,,-1.02809519014,-0.197106301169,-0.216015173102,,0.0023115375093,0.00770179906594,-0.124104010943,"[0.00033670806075610643, -3.1326307578224844e-05, -2.6210455948593386e-05, 1.8498270361573005e-09, 1.380675942804965e-08, -5.430542024721815e-09, -3.1326307578224844e-05, 0.0006395094319323101, -8.798768773879064e-05, -2.028604677651242e-08, -3.317388289892411e-10, 4.641945388499088e-08, -2.6210455948593386e-05, -8.798768773879064e-05, 0.00021730312999836753, 7.315386345731193e-10, -4.016709893924165e-09, 1.34837350735383e-10, 1.8498270361573005e-09, -2.028604677651242e-08, 7.315386345731193e-10, 2.007443852230133e-09, 3.813064793307987e-12, 9.989836860597507e-12, 1.380675942804965e-08, -3.317388289892411e-10, -4.016709893924165e-09, 3.813064793307987e-12, 1.987307844334734e-09, -2.038060732139563e-13, -5.430542024721815e-09, 4.641945388499088e-08, 1.34837350735383e-10, 9.989836860597507e-12, -2.038060732139563e-13, 1.996686390509375e-09]"
1402416515139079935,,250953,,1402416515,120845079,/enu,/base_link,,,,9.2057997932,11.5580676683,-29.988137505,,0.0013915736622,0.00415615627368,-0.568494520882,0.822675373166,"[0.030365500766102012, -0.0024534684837845965, -0.010948462922187291, 4.943950749735147e-06, 1.9700445855251185e-06, 2.070437856984804e-05, -0.0024534684837845965, 0.03366074913606942, -9.104755305175025e-06, -2.49420909755728e-06, -3.225039360606385e-06, -4.812818489579023e-06, -0.010948462922187291, -9.104755305175025e-06, 0.22596693749092578, -4.74343845957571e-06, -1.981220413425519e-06, -2.277746448466917e-05, 4.943950749735147e-06, -2.49420909755728e-06, -4.74343845957571e-06, 5.109288963177954e-06, -3.485414873738764e-07, -7.74533951649026e-08, 1.9700445855251185e-06, -3.225039360606385e-06, -1.981220413425519e-06, -3.485414873738764e-07, 5.618771804683064e-06, 1.4156821794224584e-06, 2.070437856984804e-05, -4.812818489579023e-06, -2.277746448466917e-05, -7.74533951649026e-08, 1.4156821794224584e-06, 8.801126049590182e-05]",,,,-1.02958395592,-0.196512661513,-0.222036338206,,-0.0179004054562,0.00339433545048,-0.117918921701,"[0.0003427722237363593, -3.178834488018764e-05, -2.6631042656500005e-05, 1.891392754929029e-09, 1.4036533389487923e-08, -5.46517954130754e-09, -3.178834488018764e-05, 0.0006475256466450175, -8.81486226830957e-05, -2.0556781675931663e-08, -3.033463266485078e-10, 4.647273878519665e-08, -2.6631042656500005e-05, -8.81486226830957e-05, 0.00021766085880560397, 7.315374879966194e-10, -4.034747551061419e-09, 1.4390652612327415e-10, 1.891392754929029e-09, -2.0556781675931663e-08, 7.315374879966194e-10, 2.00744378910406e-09, 3.813052930235122e-12, 9.990231972309477e-12, 1.4036533389487923e-08, -3.033463266485078e-10, -4.034747551061419e-09, 3.813052930235122e-12, 1.9873078177960757e-09, -2.0380085531086558e-13, -5.46517954130754e-09, 4.647273878519665e-08, 1.4390652612327415e-10, 9.990231972309477e-12, -2.0380085531086558e-13, 1.9966837227882267e-09]"
1402416515178817253,,250954,,1402416515,131861925,/enu,/base_link,,,,9.19980736321,11.568082254,-29.9906785791,,0.001359387246,0.00423332004934,-0.569035513467,0.822300927569,"[0.030374798024542037, -0.002451042364750018, -0.010956301651620438, 4.907188137790034e-06, 2.3687798276590563e-06, 2.077755127144136e-05, -0.002451042364750018, 0.03366640397321212, -1.3531488018301512e-05, -2.829394204982517e-06, -3.1842085338792607e-06, -4.850003279169001e-06, -0.010956301651620438, -1.3531488018301512e-05, 0.2259900656333127, -4.743705908696982e-06, -1.9960338810695905e-06, -2.2765583130604394e-05, 4.907188137790034e-06, -2.829394204982517e-06, -4.743705908696982e-06, 5.157746815428136e-06, -3.485284488273646e-07, -7.733400968072886e-08, 2.3687798276590563e-06, -3.1842085338792607e-06, -1.9960338810695905e-06, -3.485284488273646e-07, 5.6672105339331285e-06, 1.4142755119737749e-06, 2.077755127144136e-05, -4.850003279169001e-06, -2.2765583130604394e-05, -7.733400968072886e-08, 1.4142755119737749e-06, 8.80487410423597e-05]",,,,-1.03026284741,-0.197929069861,-0.215702264613,,-0.0119362287312,0.00847493161338,-0.1221159228,"[0.0003496363330174397, -3.2320310535432806e-05, -2.7085414640468586e-05, 1.939095111376679e-09, 1.429274664959254e-08, -5.506191050472927e-09, -3.2320310535432806e-05, 0.00065654912905765, -8.835775977990912e-05, -2.085796663001361e-08, -2.709335129952293e-10, 4.6532247239994456e-08, -2.7085414640468586e-05, -8.835775977990912e-05, 0.00021811160440710292, 7.329365001516779e-10, -4.053863923030897e-09, 1.5049916057105065e-10, 1.939095111376679e-09, -2.085796663001361e-08, 7.329365001516779e-10, 2.0074437253173906e-09, 3.813040961677065e-12, 9.990629169100982e-12, 1.429274664959254e-08, -2.709335129952293e-10, -4.053863923030897e-09, 3.813040961677065e-12, 1.9873077907545977e-09, -2.0379618817476094e-13, -5.506191050472927e-09, 4.6532247239994456e-08, 1.5049916057105065e-10, 9.990629169100982e-12, -2.0379618817476094e-13, 1.9966810532605273e-09]"
1402416515218812286,,250955,,1402416515,141865968,/enu,/base_link,,,,9.1649777794,11.5569395373,-29.9271744484,,0.00200159223377,0.00386933555436,-0.569647827559,0.821877347558,"[0.030346334915017897, -0.002461263440800844, -0.01093525393401292, 5.0034248327341596e-06, 8.909168217923323e-07, 2.0695095463094753e-05, -0.002461263440800844, 0.03364623845718148, 8.910396512192755e-06, -1.5772074402147053e-06, -3.2982768837740686e-06, -5.101325257609294e-06, -0.01093525393401292, 8.910396512192755e-06, 0.225910591741602, -4.734424839316508e-06, -1.9674483793085075e-06, -2.2818979377119175e-05, 5.0034248327341596e-06, -1.5772074402147053e-06, -4.734424839316508e-06, 4.984227437270433e-06, -3.46791849710185e-07, -4.427917520087336e-08, 8.909168217923323e-07, -3.2982768837740686e-06, -1.9674483793085075e-06, -3.46791849710185e-07, 5.492160116223336e-06, 1.3891540188946564e-06, 2.0695095463094753e-05, -5.101325257609294e-06, -2.2818979377119175e-05, -4.427917520087336e-08, 1.3891540188946564e-06, 8.80696911573694e-05]",,,,-1.03002835755,-0.220462841759,-0.201913326238,,-0.00321014116985,0.00703907878787,-0.132608499997,"[0.00032512182218503717, -3.333320684192749e-05, -2.5207829470562434e-05, 1.8884003652012564e-09, 1.3332841978494835e-08, -6.4174698557740025e-09, -3.333320684192749e-05, 0.0006208907481408902, -8.924786890636641e-05, -1.965234019244156e-08, -3.1936532755245987e-10, 4.63659483285741e-08, -2.5207829470562434e-05, -8.924786890636641e-05, 0.00021726371678394476, 8.228428727348425e-10, -3.985266146696687e-09, 5.163656602666646e-11, 1.8884003652012564e-09, -1.965234019244156e-08, 8.228428727348425e-10, 2.0073940332275392e-09, 3.812462327326332e-12, 9.99626736483441e-12, 1.3332841978494835e-08, -3.1936532755245987e-10, -3.985266146696687e-09, 3.812462327326332e-12, 1.9872602760260974e-09, -1.9920962170613744e-13, -6.4174698557740025e-09, 4.63659483285741e-08, 5.163656602666646e-11, 9.99626736483441e-12, -1.9920962170613744e-13, 1.996677363903866e-09]"
1402416515218876178,,250956,,1402416515,152842998,/enu,/base_link,,,,9.15868675635,11.5666539226,-29.9292855948,,0.0020461532363,0.0038731225729,-0.570219919217,0.821480405066,"[0.030355224521710966, -0.002458905542509699, -0.01094304890844492, 4.968021848663897e-06, 1.2697634238876019e-06, 2.0763975037708238e-05, -0.002458905542509699, 0.03365162667563081, 4.605475664162548e-06, -1.8943135177521793e-06, -3.2589143845437527e-06, -5.143350934538599e-06, -0.01094304890844492, 4.605475664162548e-06, 0.2259334044242293, -4.734726847433222e-06, -1.982284568238624e-06, -2.2807143386807382e-05, 4.968021848663897e-06, -1.8943135177521793e-06, -4.734726847433222e-06, 5.032340517009191e-06, -3.467796964915462e-07, -4.416808991045553e-08, 1.2697634238876019e-06, -3.2589143845437527e-06, -1.982284568238624e-06, -3.467796964915462e-07, 5.540254390638881e-06, 1.38777786985766e-06, 2.0763975037708238e-05, -5.143350934538599e-06, -2.2807143386807382e-05, -4.416808991045553e-08, 1.38777786985766e-06, 8.810681622110938e-05]",,,,-1.03200888953,-0.22493864318,-0.205631471428,,0.00717194596365,0.00538236146786,-0.129626395796,"[0.0003316269211519822, -3.388278002593123e-05, -2.5637880192919654e-05, 1.93615450035212e-09, 1.358153088561412e-08, -6.461381032480375e-09, -3.388278002593123e-05, 0.0006294275173135692, -8.957087127823509e-05, -1.9945321576933117e-08, -2.8795808002439964e-10, 4.6422466756327034e-08, -2.5637880192919654e-05, -8.957087127823509e-05, 0.00021775149492239568, 8.294088169565429e-10, -4.004820823335114e-09, 4.8507627742625754e-11, 1.93615450035212e-09, -1.9945321576933117e-08, 8.294088169565429e-10, 2.007393971778828e-09, 3.812450700778941e-12, 9.996657532700046e-12, 1.358153088561412e-08, -2.8795808002439964e-10, -4.004820823335114e-09, 3.812450700778941e-12, 1.9872602503091804e-09, -1.9920330000997634e-13, -6.461381032480375e-09, 4.6422466756327034e-08, 4.8507627742625754e-11, 9.996657532700046e-12, -1.9920330000997634e-13, 1.996674692442923e-09]"
1402416515218899160,,250957,,1402416515,162861108,/enu,/base_link,,,,9.1530078282,11.5758061957,-29.9316161895,,0.00209359721202,0.0038846037531,-0.570735585187,0.821122048483,"[0.030363450117513725, -0.002456760213393947, -0.010950205223442904, 4.935346935398445e-06, 1.6208584047375185e-06, 2.0827415862032763e-05, -0.002456760213393947, 0.03365662562859439, 5.630578129020918e-07, -2.1885982305569083e-06, -3.2226312498123982e-06, -5.182546271393318e-06, -0.010950205223442904, 5.630578129020918e-07, 0.2259544170004341, -4.735359133163929e-06, -1.99589428477057e-06, -2.2795999177789224e-05, 4.935346935398445e-06, -2.1885982305569083e-06, -4.735359133163929e-06, 5.072393806556443e-06, -3.467670363309851e-07, -4.4049317460636546e-08, 1.6208584047375185e-06, -3.2226312498123982e-06, -1.99589428477057e-06, -3.467670363309851e-07, 5.580288501186524e-06, 1.386389293692543e-06, 2.0827415862032763e-05, -5.182546271393318e-06, -2.2795999177789224e-05, -4.4049317460636546e-08, 1.386389293692543e-06, 8.813579913818939e-05]",,,,-1.03296049775,-0.226035308079,-0.198348861067,,0.00739283904636,0.00748086805873,-0.12830100844,"[0.0003376294737866104, -3.438380207490916e-05, -2.603064801761684e-05, 1.980115693768013e-09, 1.3810482149677732e-08, -6.500826850514114e-09, -3.438380207490916e-05, 0.0006372910066696028, -8.986962664839725e-05, -2.0214515707722928e-08, -2.58895804004518e-10, 4.647314645915458e-08, -2.603064801761684e-05, -8.986962664839725e-05, 0.00021815702468098945, 8.355306915661315e-10, -4.022359786253283e-09, 4.5459126769770895e-11, 1.980115693768013e-09, -2.0214515707722928e-08, 8.355306915661315e-10, 2.00739390962487e-09, 3.812438977902577e-12, 9.997050079890263e-12, 1.3810482149677732e-08, -2.58895804004518e-10, -4.022359786253283e-09, 3.812438977902577e-12, 1.9872602241142832e-09, -1.9919756545679454e-13, -6.500826850514114e-09, 4.647314645915458e-08, 4.5459126769770895e-11, 9.997050079890263e-12, -1.9919756545679454e-13, 1.9966720195409638e-09]"
1402416515218920032,,250958,,1402416515,173849105,/enu,/base_link,,,,9.14671018589,11.5855676808,-29.9335777826,,0.00209325995298,0.00390555186243,-0.571301299034,0.820728451225,"[0.0303726009007733, -0.0024543959941651958, -0.01095800599872959, 4.899117559583277e-06, 2.012914047071258e-06, 2.0895176673655542e-05, -0.0024543959941651958, 0.03366219369275195, -3.8196640213704235e-06, -2.517733332267065e-06, -3.182424631893518e-06, -5.224736253659487e-06, -0.01095800599872959, -3.8196640213704235e-06, 0.22597754236690762, -4.735409107731332e-06, -2.0107561185650008e-06, -2.278413705735325e-05, 4.899117559583277e-06, -2.517733332267065e-06, -4.735409107731332e-06, 5.120599330753527e-06, -3.4675469481718693e-07, -4.3936315192856486e-08, 2.012914047071258e-06, -3.182424631893518e-06, -2.0107561185650008e-06, -3.4675469481718693e-07, 5.628475660868175e-06, 1.3849932431700684e-06, 2.0895176673655542e-05, -5.224736253659487e-06, -2.278413705735325e-05, -4.3936315192856486e-08, 1.3849932431700684e-06, 8.817300582686068e-05]",,,,-1.03586059257,-0.224501525918,-0.195950229339,,-0.00133253664305,0.00328385219038,-0.128190546267,"[0.0003443615747600956, -3.494454633965697e-05, -2.6472998413786244e-05, 2.0291989074598486e-09, 1.406343971927612e-08, -6.544385924253001e-09, -3.494454633965697e-05, 0.0006461052662688967, -9.015869195207478e-05, -2.0511971396574956e-08, -2.2594987045657223e-10, 4.6529533404726894e-08, -2.6472998413786244e-05, -9.015869195207478e-05, 0.00021863031274925137, 8.402495115606148e-10, -4.042262214582607e-09, 4.683875338921123e-11, 2.0291989074598486e-09, -2.0511971396574956e-08, 8.402495115606148e-10, 2.0073938468655898e-09, 3.812427177256213e-12, 9.997444449321522e-12, 1.406343971927612e-08, -2.2594987045657223e-10, -4.042262214582607e-09, 3.812427177256213e-12, 1.987260197431602e-09, -1.9919237196284678e-13, -6.544385924253001e-09, 4.6529533404726894e-08, 4.683875338921123e-11, 9.997444449321522e-12, -1.9919237196284678e-13, 1.996669345210829e-09]"
1402416515258838804,,250959,,1402416515,183836936,/enu,/base_link,,,,9.12161808038,11.5922029487,-29.8952011381,,0.00208256188689,0.00309670864219,-0.57177879502,0.82039934355,"[0.030344506552982632, -0.002464470691943407, -0.010937018696547812, 4.981518570375399e-06, 5.842302326332327e-07, 2.083537275642384e-05, -0.002464470691943407, 0.033642256598988785, 1.863782248402341e-05, -1.3067330547471783e-06, -3.288174848967535e-06, -5.492286581354822e-06, -0.010937018696547812, 1.863782248402341e-05, 0.2258978788642608, -4.712991812788338e-06, -1.9763098916155215e-06, -2.283874531334316e-05, 4.981518570375399e-06, -1.3067330547471783e-06, -4.712991812788338e-06, 4.9537949569150936e-06, -3.449725564581556e-07, -9.624898863551573e-09, 5.842302326332327e-07, -3.288174848967535e-06, -1.9763098916155215e-06, -3.449725564581556e-07, 5.459884648338653e-06, 1.3644493651448279e-06, 2.083537275642384e-05, -5.492286581354822e-06, -2.283874531334316e-05, -9.624898863551573e-09, 1.3644493651448279e-06, 8.819408142544732e-05]",,,,-1.05269313879,-0.244737483575,-0.190612201425,,-0.00287842053037,0.00118465394916,-0.124103916973,"[0.00032067419803045473, -3.534069324075128e-05, -2.531929314519283e-05, 1.9546601001804043e-09, 1.313135629135862e-08, -7.0256018217261345e-09, -3.534069324075128e-05, 0.0006156693678467361, -9.027579914378154e-05, -1.9401355004517928e-08, -2.9986230669642007e-10, 4.7099215700196665e-08, -2.531929314519283e-05, -9.027579914378154e-05, 0.00021789706357854409, 8.826969638368292e-10, -4.0312464745218534e-09, -1.2387519521951065e-11, 1.9546601001804043e-09, -1.9401355004517928e-08, 8.826969638368292e-10, 2.0073456928185325e-09, 3.811885233239003e-12, 1.0002370965643316e-11, 1.313135629135862e-08, -2.9986230669642007e-10, -4.0312464745218534e-09, 3.811885233239003e-12, 1.987214086592821e-09, -1.9390039078264565e-13, -7.0256018217261345e-09, 4.7099215700196665e-08, -1.2387519521951065e-11, 1.0002370965643316e-11, -1.9390039078264565e-13, 1.9966656120109584e-09]"
1402416515258869675,,250960,,1402416515,194833040,/enu,/base_link,,,,9.11518731522,11.6021242539,-29.8971064205,,0.00209259213113,0.00313683068492,-0.572321510047,0.820020652477,"[0.030353352959651553, -0.0024621691330832833, -0.010944821545099244, 4.9464098209350645e-06, 9.587385950407666e-07, 2.090127842132802e-05, -0.0024621691330832833, 0.03364755865808687, 1.430447722239944e-05, -1.6198591713371923e-06, -3.24924452201775e-06, -5.543480739325777e-06, -0.010944821545099244, 1.430447722239944e-05, 0.22592070894232028, -4.713063992620261e-06, -1.990997375854866e-06, -2.2826903519776078e-05, 4.9464098209350645e-06, -1.6198591713371923e-06, -4.713063992620261e-06, 5.002077177809275e-06, -3.4496110473753003e-07, -9.520551247341756e-09, 9.587385950407666e-07, -3.24924452201775e-06, -1.990997375854866e-06, -3.4496110473753003e-07, 5.50814875324544e-06, 1.3630825789706564e-06, 2.090127842132802e-05, -5.543480739325777e-06, -2.2826903519776078e-05, -9.520551247341756e-09, 1.3630825789706564e-06, 8.82313562417608e-05]",,,,-1.05427051072,-0.245590517146,-0.190782021675,,-0.00188439318413,0.00714883222777,-0.123220319917,"[0.00032709169962884027, -3.587162485845669e-05, -2.5768728733813004e-05, 2.0012452606864067e-09, 1.3378678558750197e-08, -7.066648107441568e-09, -3.587162485845669e-05, 0.0006241188412937106, -9.057663698104152e-05, -1.9692820686102082e-08, -2.6877865965324506e-10, 4.7154750395014325e-08, -2.5768728733813004e-05, -9.057663698104152e-05, 0.00021837213447476836, 8.880849726347238e-10, -4.051418310578293e-09, -1.1078952255854308e-11, 2.0012452606864067e-09, -1.9692820686102082e-08, 8.880849726347238e-10, 2.0073456322256443e-09, 3.811873750772432e-12, 1.0002759052050565e-11, 1.3378678558750197e-08, -2.6877865965324506e-10, -4.051418310578293e-09, 3.811873750772432e-12, 1.9872140611344014e-09, -1.9389373941113727e-13, -7.066648107441568e-09, 4.7154750395014325e-08, -1.1078952255854308e-11, 1.0002759052050565e-11, -1.9389373941113727e-13, 1.9966629353631525e-09]"
1402416515258892379,,250961,,1402416515,204832077,/enu,/base_link,,,,9.10909497549,11.6111306591,-29.8987413766,,0.00208715284362,0.00314039765007,-0.572853053094,0.819649413625,"[0.030361502183209616, -0.0024600395335507186, -0.010952059108915033, 4.914118831364752e-06, 1.3045832222947832e-06, 2.09598685573406e-05, -0.0024600395335507186, 0.033652536113559534, 1.0326946761109529e-05, -1.9094134998575445e-06, -3.213471814920854e-06, -5.5895512284657465e-06, -0.010952059108915033, 1.0326946761109529e-05, 0.2259417029209196, -4.713457509903213e-06, -2.004507555062528e-06, -2.2815837111890525e-05, 4.914118831364752e-06, -1.9094134998575445e-06, -4.713457509903213e-06, 5.04197910980926e-06, -3.4494913894813017e-07, -9.40820557647202e-09, 1.3045832222947832e-06, -3.213471814920854e-06, -2.004507555062528e-06, -3.4494913894813017e-07, 5.548032167804124e-06, 1.3617032664489213e-06, 2.09598685573406e-05, -5.5895512284657465e-06, -2.2815837111890525e-05, -9.40820557647202e-09, 1.3617032664489213e-06, 8.826016519532919e-05]",,,,-1.05669162375,-0.246252856747,-0.18381083943,,-0.00055902181221,8.0174779934e-05,-0.131835235052,"[0.00033299392550821403, -3.639501165947465e-05, -2.6178101876695033e-05, 2.0461751060231956e-09, 1.3605188367301903e-08, -7.108739884444247e-09, -3.639501165947465e-05, 0.0006318619639433091, -9.085779168515611e-05, -1.9959417162224992e-08, -2.387481762260419e-10, 4.720355678409176e-08, -2.6178101876695033e-05, -9.085779168515611e-05, 0.00021876977473925122, 8.931544268741675e-10, -4.070683240397466e-09, -1.002567031997021e-11, 2.0461751060231956e-09, -1.9959417162224992e-08, 8.931544268741675e-10, 2.007345570953419e-09, 3.8118621739207215e-12, 1.0003149307478052e-11, 1.3605188367301903e-08, -2.387481762260419e-10, -4.070683240397466e-09, 3.8118621739207215e-12, 1.987214035191218e-09, -1.938876699180953e-13, -7.108739884444247e-09, 4.720355678409176e-08, -1.002567031997021e-11, 1.0003149307478052e-11, -1.938876699180953e-13, 1.996660256847293e-09]"
1402416515258914879,,250962,,1402416515,215831995,/enu,/base_link,,,,9.10265134543,11.6212939831,-29.9009317276,,0.00209242988247,0.0031771441178,-0.57342744027,0.819247519519,"[0.030370521019322406, -0.002457724156625938, -0.01095982744931022, 4.878184928730957e-06, 1.6920587303864068e-06, 2.1024200433989122e-05, -0.002457724156625938, 0.03365802830082011, 6.059518605631423e-06, -2.234336033214133e-06, -3.173708498713922e-06, -5.639899537261991e-06, -0.01095982744931022, 6.059518605631423e-06, 0.22596447065041647, -4.713296666239775e-06, -2.019277861594391e-06, -2.280393928809885e-05, 4.878184928730957e-06, -2.234336033214133e-06, -4.713296666239775e-06, 5.090290971811069e-06, -3.449375032567054e-07, -9.301860408424889e-09, 1.6920587303864068e-06, -3.173708498713922e-06, -2.019277861594391e-06, -3.449375032567054e-07, 5.596326352712128e-06, 1.3603165816574911e-06, 2.1024200433989122e-05, -5.639899537261991e-06, -2.280393928809885e-05, -9.301860408424889e-09, 1.3603165816574911e-06, 8.829745822521542e-05]",,,,-1.05720031613,-0.244851569578,-0.182449015672,,-0.00221574076483,0.00615480079753,-0.130288951564,"[0.00033963993505791167, -3.6965670398303795e-05, -2.6627193719047386e-05, 2.095865542867719e-09, 1.3856728720379532e-08, -7.1538062726237895e-09, -3.6965670398303795e-05, 0.000640558748166641, -9.116318136402507e-05, -2.025494067285462e-08, -2.0529932196140454e-10, 4.7258263571489205e-08, -2.6627193719047386e-05, -9.116318136402507e-05, 0.00021924500042907284, 8.984326015521677e-10, -4.090982607369261e-09, -8.460085154442029e-12, 2.095865542867719e-09, -2.025494067285462e-08, 8.984326015521677e-10, 2.0073455090539967e-09, 3.811850512402754e-12, 1.0003541635149564e-11, 1.3856728720379532e-08, -2.0529932196140454e-10, -4.090982607369261e-09, 3.811850512402754e-12, 1.987214008776747e-09, -1.938821184845304e-13, -7.1538062726237895e-09, 4.7258263571489205e-08, -8.460085154442029e-12, 1.0003541635149564e-11, -1.938821184845304e-13, 1.996657576445722e-09]"
1402416515298833358,,250963,,1402416515,225831985,/enu,/base_link,,,,9.0967195515,11.6303375256,-29.90258159,,0.00215819504114,0.00315834398892,-0.573967743196,0.818868974152,"[0.030378881213096086, -0.0024555966432446836, -0.010967041476753004, 4.845176835170813e-06, 2.0495314626986857e-06, 2.1082242565624822e-05, -0.0024555966432446836, 0.03366311665712852, 2.083076827392366e-06, -2.534523042354254e-06, -3.137173057961555e-06, -5.684707588892605e-06, -0.010967041476753004, 2.083076827392366e-06, 0.22598552673158534, -4.7134930147423584e-06, -2.032911128621553e-06, -2.2792786257520928e-05, 4.845176835170813e-06, -2.534523042354254e-06, -4.7134930147423584e-06, 5.1301964686208115e-06, -3.44925354572535e-07, -9.187524714764099e-09, 2.0495314626986857e-06, -3.137173057961555e-06, -2.032911128621553e-06, -3.44925354572535e-07, 5.6362137807147e-06, 1.358917326904162e-06, 2.1082242565624822e-05, -5.684707588892605e-06, -2.2792786257520928e-05, -9.187524714764099e-09, 1.358917326904162e-06, 8.832625915414382e-05]",,,,-1.05857396642,-0.245264866013,-0.1829336513,,0.0137991823155,0.00460853123804,-0.134817295848,"[0.00034574951050485406, -3.7509233744886534e-05, -2.7029416398851307e-05, 2.142655773546166e-09, 1.4087385539017009e-08, -7.196924555043283e-09, -3.7509233744886534e-05, 0.0006485030065458008, -9.151171454400845e-05, -2.052527606506898e-08, -1.7435228374560533e-10, 4.7306639463926585e-08, -2.7029416398851307e-05, -9.151171454400845e-05, 0.00021966624173365423, 9.064171223810433e-10, -4.1095975098405665e-09, -1.4491803126021207e-11, 2.142655773546166e-09, -2.052527606506898e-08, 9.064171223810433e-10, 2.0073454464674883e-09, 3.811838764920042e-12, 1.0003936230805269e-11, 1.4087385539017009e-08, -1.7435228374560533e-10, -4.1095975098405665e-09, 3.811838764920042e-12, 1.987213981868367e-09, -1.938771582529255e-13, -7.196924555043283e-09, 4.7306639463926585e-08, -1.4491803126021207e-11, 1.0003936230805269e-11, -1.938771582529255e-13, 1.996654893848973e-09]"
1402416515298863341,,250964,,1402416515,236807107,/enu,/base_link,,,,9.09026814948,11.6403349379,-29.904506413,,0.00219708708664,0.00312711483584,-0.574579433093,0.818439899459,"[0.03038812511679324, -0.0024532570451565117, -0.010974891933915102, 4.8085590559838764e-06, 2.448767759588404e-06, 2.1143918496846747e-05, -0.0024532570451565117, 0.03366876565439601, -2.2670833178907447e-06, -2.8702878597019917e-06, -3.0966686185581395e-06, -5.732395563597425e-06, -0.010974891933915102, -2.2670833178907447e-06, 0.22600869487055747, -4.713049702247445e-06, -2.0478478070940833e-06, -2.2780991055843818e-05, 4.8085590559838764e-06, -2.8702878597019917e-06, -4.713049702247445e-06, 5.178286230411366e-06, -3.449135267199622e-07, -9.079064327783283e-09, 2.448767759588404e-06, -3.0966686185581395e-06, -2.0478478070940833e-06, -3.449135267199622e-07, 5.684286312563793e-06, 1.3575106431302058e-06, 2.1143918496846747e-05, -5.732395563597425e-06, -2.2780991055843818e-05, -9.079064327783283e-09, 1.3575106431302058e-06, 8.836331648238688e-05]",,,,-1.06108374941,-0.244179790258,-0.176734303651,,0.00993350814519,-0.000472066677775,-0.138903848441,"[0.0003526073757622051, -3.81337064836075e-05, -2.747817483251639e-05, 2.195863309953518e-09, 1.4342237354070206e-08, -7.246698166171274e-09, -3.81337064836075e-05, 0.0006573990925342748, -9.188014559380101e-05, -2.0823930674006277e-08, -1.3886426679862799e-10, 4.736019052232527e-08, -2.747817483251639e-05, -9.188014559380101e-05, 0.00022016774744673784, 9.142769232180244e-10, -4.130833011029058e-09, -1.8754258242002056e-11, 2.195863309953518e-09, -2.0823930674006277e-08, 9.142769232180244e-10, 2.0073453832786766e-09, 3.811826928205103e-12, 1.0004332978691913e-11, 1.4342237354070206e-08, -1.3886426679862799e-10, -4.130833011029058e-09, 3.811826928205103e-12, 1.9872139544847e-09, -1.9387270829348463e-13, -7.246698166171274e-09, 4.736019052232527e-08, -1.8754258242002056e-11, 1.0004332978691913e-11, -1.9387270829348463e-13, 1.996652210253278e-09]"
1402416515298887437,,250965,,1402416515,247834920,/enu,/base_link,,,,9.08364580685,11.6504409888,-29.9063305758,,0.0022294904388,0.00312940993606,-0.575156250613,0.818034549116,"[0.03039756897557434, -0.002450893159790654, -0.01098288074211866, 4.771329582209772e-06, 2.8569594310182246e-06, 2.1205860833510243e-05, -0.002450893159790654, 0.03367454093860038, -6.606656583634994e-06, -3.2141281673552004e-06, -3.0555437056434717e-06, -5.7803025799089905e-06, -0.01098288074211866, -6.606656583634994e-06, 0.22603191106397516, -4.7124536960742974e-06, -2.06285297619281e-06, -2.276909892914205e-05, 4.771329582209772e-06, -3.2141281673552004e-06, -4.7124536960742974e-06, 5.2268377434509086e-06, -3.449016217703163e-07, -8.969902465412052e-09, 2.8569594310182246e-06, -3.0555437056434717e-06, -2.06285297619281e-06, -3.449016217703163e-07, 5.732820888429966e-06, 1.3560931370491023e-06, 2.1205860833510243e-05, -5.7803025799089905e-06, -2.276909892914205e-05, -8.969902465412052e-09, 1.3560931370491023e-06, 8.84008330935046e-05]",,,,-1.06187754829,-0.245579855906,-0.173037598449,,0.00540514737424,0.00383539515213,-0.13062025165,"[0.00035961590011468144, -3.8736431702839393e-05, -2.793637831472917e-05, 2.248277741033971e-09, 1.4600705674421494e-08, -7.2925339952827625e-09, -3.8736431702839393e-05, 0.0006664905393957047, -9.223197686076154e-05, -2.1126439845925337e-08, -1.0353950087365606e-10, 4.741454474303821e-08, -2.793637831472917e-05, -9.223197686076154e-05, 0.00022066237926356087, 9.213136009920381e-10, -4.151510110138765e-09, -2.101097246988845e-11, 2.248277741033971e-09, -2.1126439845925337e-08, 9.213136009920381e-10, 2.0073453193523523e-09, 3.811815000411197e-12, 1.000473203644873e-11, 1.4600705674421494e-08, -1.0353950087365606e-10, -4.151510110138765e-09, 3.811815000411197e-12, 1.9872139265879897e-09, -1.9386882161919693e-13, -7.2925339952827625e-09, 4.741454474303821e-08, -2.101097246988845e-11, 1.000473203644873e-11, -1.9386882161919693e-13, 1.9966495248334852e-09]"
