M = 10;
I = 20;
kr = 2;
fw = 4;
C = [1 0 0 0 0 0;0 0 1 0 0 0;0 0 0 0 1 0];
