rosbagTimestamp,header,seq,stamp,secs,nsecs,frame_id,child_frame_id,pose,pose,position,x,y,z,orientation,x,y,z,w,covariance,twist,twist,linear,x,y,z,angular,x,y,z,covariance
1402415883842266351,,143547,,1402415883,841125011,/enu,/imu,,,,2.4554230725,30.6795392474,-32.1053912698,,-0.815470592714,0.578397565347,0.0215354188728,0.000441081720532,"[0.030524226638121942, -0.005047297080662171, -0.0002953549511186003, 4.738601763185223e-07, 4.081678471535605e-06, 9.255672842283972e-05, -0.005047297080662171, 0.03480054239577193, 0.009836814995281183, 2.049745333634008e-06, 1.7140474614695103e-06, 8.975561689863051e-05, -0.0002953549511186003, 0.009836814995281183, 0.21804986377856647, 1.2957311965244333e-06, -5.760924064682032e-06, -5.546030758752873e-06, 4.738601763185223e-07, 2.049745333634008e-06, 1.2957311965244333e-06, 5.128550331266251e-06, -1.9681929080052467e-07, -7.910777204504625e-08, 4.081678471535605e-06, 1.7140474614695103e-06, -5.760924064682032e-06, -1.9681929080052467e-07, 4.843060176461846e-06, 7.242502277350973e-07, 9.255672842283972e-05, 8.975561689863051e-05, -5.546030758752873e-06, -7.910777204504625e-08, 7.242502277350973e-07, 0.00011790203416445737]",,,,-0.245703173081,-0.79568186428,-0.157792718257,,-0.0189047057835,0.00603240393632,-0.0517847062382,"[0.0003713516445380228, 2.107929703368724e-05, 1.209172002163028e-05, -1.1608275452227638e-09, -1.5759994797828322e-08, -6.163109773226042e-08, 2.107929703368724e-05, 0.0003327737958498958, 3.589749118996266e-05, 1.8556716516979665e-08, -4.6021125244665085e-09, 2.9325732543965076e-08, 1.209172002163028e-05, 3.589749118996266e-05, 0.00022835834076711007, 2.6518378867997703e-09, -3.379747232132691e-09, 2.5576129239673303e-09, -1.1608275452227638e-09, 1.8556716516979665e-08, 2.6518378867997703e-09, 2.8788529628787926e-09, -8.307974442153061e-12, -1.5136862445992422e-11, -1.5759994797828322e-08, -4.6021125244665085e-09, -3.379747232132691e-09, -8.307974442153061e-12, 2.842307563980504e-09, -7.914382496829405e-13, -6.163109773226042e-08, 2.9325732543965076e-08, 2.5576129239673303e-09, -1.5136862445992422e-11, -7.914382496829405e-13, 2.8881056581946696e-09]"
1402415883853059894,,143548,,1402415883,852099895,/enu,/imu,,,,2.46278159964,30.6848592946,-32.1037137645,,-0.815630156334,0.578171281708,0.021565710584,0.000580701441918,"[0.030528112730126903, -0.00504662822851362, -0.0002928919166179572, 4.460664908111889e-07, 4.365454581581045e-06, 9.263823006630038e-05, -0.00504662822851362, 0.03480484254049762, 0.009837377368477295, 1.7485737810751222e-06, 1.7452993892135728e-06, 8.983457686529233e-05, -0.0002928919166179572, 0.009837377368477295, 0.21807843247988698, 1.2881103438955647e-06, -5.768853495565812e-06, -5.552122457852712e-06, 4.460664908111889e-07, 1.7485737810751222e-06, 1.2881103438955647e-06, 5.1766633093326075e-06, -1.9681549107158504e-07, -7.896678819728151e-08, 4.365454581581045e-06, 1.7452993892135728e-06, -5.768853495565812e-06, -1.9681549107158504e-07, 4.89119971632402e-06, 7.227100082734883e-07, 9.263823006630038e-05, 8.983457686529233e-05, -5.552122457852712e-06, -7.896678819728151e-08, 7.227100082734883e-07, 0.00011793117211447653]",,,,-0.245605404549,-0.799586105651,-0.155589194344,,0.0167699202833,-0.0187078940898,-0.0495757620087,"[0.00037715912974354177, 2.160940125754875e-05, 1.2040217140324134e-05, -1.1607053846406145e-09, -1.612027859300789e-08, -6.167346693612924e-08, 2.160940125754875e-05, 0.00033908305260880897, 3.6384623021992906e-05, 1.8921510143596564e-08, -4.64798541766136e-09, 2.9326655534678365e-08, 1.2040217140324134e-05, 3.6384623021992906e-05, 0.00022882290789439443, 2.6824905229198997e-09, -3.3710972732466005e-09, 2.5648653001914313e-09, -1.1607053846406145e-09, 1.8921510143596564e-08, 2.6824905229198997e-09, 2.8788528880140507e-09, -8.307944418382576e-12, -1.5137696490617294e-11, -1.612027859300789e-08, -4.64798541766136e-09, -3.3710972732466005e-09, -8.307944418382576e-12, 2.8423074978404915e-09, -7.91282348720576e-13, -6.167346693612924e-08, 2.9326655534678365e-08, 2.5648653001914313e-09, -1.5137696490617294e-11, -7.91282348720576e-13, 2.8880957735916054e-09]"
1402415883863149347,,143549,,1402415883,862099885,/enu,/imu,,,,2.46963338253,30.6898707415,-32.1023016737,,-0.815809368075,0.57791873342,0.0215600769884,0.00041905064344,"[0.030531653360321143, -0.00504607235426716, -0.0002906311056847027, 4.205592687818152e-07, 4.628671728025895e-06, 9.27088470540113e-05, -0.00504607235426716, 0.03480881021739621, 0.009837896431212672, 1.4690878838597715e-06, 1.7738523962464855e-06, 8.990692268306269e-05, -0.0002906311056847027, 0.009837896431212672, 0.21810451840626335, 1.281259484821184e-06, -5.776135727067512e-06, -5.557482296586838e-06, 4.205592687818152e-07, 1.4690878838597715e-06, 1.281259484821184e-06, 5.216587906265224e-06, -1.9681127937834347e-07, -7.881766026531562e-08, 4.628671728025895e-06, 1.7738523962464855e-06, -5.776135727067512e-06, -1.9681127937834347e-07, 4.931152038296093e-06, 7.211568105261407e-07, 9.27088470540113e-05, 8.990692268306269e-05, -5.557482296586838e-06, -7.881766026531562e-08, 7.211568105261407e-07, 0.0001179519629193224]",,,,-0.247211213074,-0.800544481154,-0.150211869283,,-0.0265256044114,0.0201697194105,-0.0583011556634,"[0.0003824969564201503, 2.2082594863425767e-05, 1.2054341401745756e-05, -1.1638920174787976e-09, -1.644987014996072e-08, -6.171582026587897e-08, 2.2082594863425767e-05, 0.00034486856602992255, 3.689333236895476e-05, 1.925577050386168e-08, -4.690337405592174e-09, 2.93191833338387e-08, 1.2054341401745756e-05, 3.689333236895476e-05, 0.0002292499561584334, 2.7183466248134315e-09, -3.371471049648279e-09, 2.560104818028086e-09, -1.1638920174787976e-09, 1.925577050386168e-08, 2.7183466248134315e-09, 2.878852812106677e-09, -8.307914151773192e-12, -1.5138536753916373e-11, -1.644987014996072e-08, -4.690337405592174e-09, -3.371471049648279e-09, -8.307914151773192e-12, 2.8423074305313753e-09, -7.911278389990478e-13, -6.171582026587897e-08, 2.93191833338387e-08, 2.560104818028086e-09, -1.5138536753916373e-11, -7.911278389990478e-13, 2.888085885554737e-09]"
1402415883874117857,,143550,,1402415883,873100042,/enu,/imu,,,,2.47700049433,30.6953769997,-32.1007769941,,-0.815995247915,0.577656107337,0.0215651886345,0.000345941057016,"[0.0305357586992098, -0.005045333861200715, -0.00028821455519254544, 3.9226035351670953e-07, 4.92403178246129e-06, 9.278777169220316e-05, -0.005045333861200715, 0.03481331496236418, 0.009838481861670263, 1.1555842428544172e-06, 1.8056249899358202e-06, 8.9991336170048e-05, -0.00028821455519254544, 0.009838481861670263, 0.21813323903847695, 1.2738151276394664e-06, -5.784304660837186e-06, -5.563973442852541e-06, 3.9226035351670953e-07, 1.1555842428544172e-06, 1.2738151276394664e-06, 5.264919529394303e-06, -1.9680743158316506e-07, -7.867413079697701e-08, 4.92403178246129e-06, 1.8056249899358202e-06, -5.784304660837186e-06, -1.9680743158316506e-07, 4.97951150296004e-06, 7.195912131414559e-07, 9.278777169220316e-05, 8.9991336170048e-05, -5.563973442852541e-06, -7.867413079697701e-08, 7.195912131414559e-07, 0.00011798131218534026]",,,,-0.245368674751,-0.804688515742,-0.162153216668,,-0.0121673972748,0.00746822800168,-0.0556504290325,"[0.00038852661198248025, 2.2612226329346526e-05, 1.2044075249763992e-05, -1.1669199698857136e-09, -1.6815697976732388e-08, -6.176220261203614e-08, 2.2612226329346526e-05, 0.0003513952791900409, 3.7438677056180695e-05, 1.9626707990752886e-08, -4.737407387751744e-09, 2.9313935191482163e-08, 1.2044075249763992e-05, 3.7438677056180695e-05, 0.0002297483818974921, 2.7552605097656037e-09, -3.368795470691424e-09, 2.5589590017452255e-09, -1.1669199698857136e-09, 1.9626707990752886e-08, 2.7552605097656037e-09, 2.878852735142975e-09, -8.307883631273519e-12, -1.5139382644106955e-11, -1.6815697976732388e-08, -4.737407387751744e-09, -3.368795470691424e-09, -8.307883631273519e-12, 2.8423073622685185e-09, -7.909745982232444e-13, -6.176220261203614e-08, 2.9313935191482163e-08, 2.5589590017452255e-09, -1.5139382644106955e-11, -7.909745982232444e-13, 2.8880759949396173e-09]"
1402415883884275589,,143551,,1402415883,883099079,/enu,/imu,,,,2.48472320813,30.6961699427,-32.0966205872,,-0.816229226582,0.57731198397,0.0219205769785,0.000459502635029,"[0.030512305675609853, -0.005048133907343764, -0.0003003495909178982, 4.1077049328514465e-07, 3.826088491140078e-06, 9.233989873785845e-05, -0.005048133907343764, 0.03479234734131369, 0.009841860148033746, 2.264714977803388e-06, 1.7147284161067963e-06, 8.987251881858847e-05, -0.0003003495909178982, 0.009841860148033746, 0.218024512301761, 1.5518968813189675e-06, -5.791869209738298e-06, -5.548885037747673e-06, 4.1077049328514465e-07, 2.264714977803388e-06, 1.5518968813189675e-06, 5.104028742012274e-06, -1.9644672542117662e-07, -6.369032551234594e-08, 3.826088491140078e-06, 1.7147284161067963e-06, -5.791869209738298e-06, -1.9644672542117662e-07, 4.817105146229504e-06, 6.394039715937795e-07, 9.233989873785845e-05, 8.987251881858847e-05, -5.548885037747673e-06, -6.369032551234594e-08, 6.394039715937795e-07, 0.00011797027697515673]",,,,-0.237568357936,-0.806511896025,-0.157294595884,,0.0164382420259,6.78155925401e-05,-0.0597371498161,"[0.00036537963453937405, 2.0893019136794164e-05, 1.1461404999555803e-05, -1.0541412051349815e-09, -1.5461028885302906e-08, -6.207129336395165e-08, 2.0893019136794164e-05, 0.0003279567470152296, 3.4969178916230196e-05, 1.8317542968703098e-08, -4.460340720447596e-09, 2.8030782673925636e-08, 1.1461404999555803e-05, 3.4969178916230196e-05, 0.0002271190678322512, 2.6409184382970197e-09, -3.308817643764619e-09, 2.551590028933447e-09, -1.0541412051349815e-09, 1.8317542968703098e-08, 2.6409184382970197e-09, 2.878756445691978e-09, -8.306478678437007e-12, -1.5174947412090567e-11, -1.5461028885302906e-08, -4.460340720447596e-09, -3.308817643764619e-09, -8.306478678437007e-12, 2.8422095899029836e-09, -7.918483063024247e-13, -6.207129336395165e-08, 2.8030782673925636e-08, 2.551590028933447e-09, -1.5174947412090567e-11, -7.918483063024247e-13, 2.8880534617137704e-09]"
1402415883894060868,,143552,,1402415883,893100023,/enu,/imu,,,,2.49167214593,30.7010559221,-32.0950857253,,-0.816406820717,0.577060759321,0.0219247923913,0.000294309198041,"[0.030515807408413975, -0.0050475022208870185, -0.0002981452187135015, 3.856669964262391e-07, 4.081079981347723e-06, 9.240154999933592e-05, -0.0050475022208870185, 0.03479621189206986, 0.009842359206560207, 1.994570993603477e-06, 1.742765204881874e-06, 8.994603887034993e-05, -0.0002981452187135015, 0.009842359206560207, 0.2180503509200283, 1.5455541179911983e-06, -5.799437635141224e-06, -5.554338254015462e-06, 3.856669964262391e-07, 1.994570993603477e-06, 1.5455541179911983e-06, 5.143964098312474e-06, -1.9644289117429048e-07, -6.354563738630516e-08, 4.081079981347723e-06, 1.742765204881874e-06, -5.799437635141224e-06, -1.9644289117429048e-07, 4.857069421208148e-06, 6.378866911357589e-07, 9.240154999933592e-05, 8.994603887034993e-05, -5.554338254015462e-06, -6.354563738630516e-08, 6.378866911357589e-07, 0.0001179911112790683]",,,,-0.237455516327,-0.808950394756,-0.155213253789,,-0.0282931034193,0.0189543841411,-0.0580804523528,"[0.0003705397101743928, 2.13579908224682e-05, 1.146771551292609e-05, -1.0559767793378434e-09, -1.57856822589938e-08, -6.211219486704792e-08, 2.13579908224682e-05, 0.0003335678534271435, 3.546892491854477e-05, 1.864692597102677e-08, -4.501164887709383e-09, 2.8017877714389444e-08, 1.146771551292609e-05, 3.546892491854477e-05, 0.00022754707876091693, 2.6772509083210808e-09, -3.3086361332559874e-09, 2.547515676510019e-09, -1.0559767793378434e-09, 1.864692597102677e-08, 2.6772509083210808e-09, 2.8787563726190096e-09, -8.306448913120597e-12, -1.5175769797961863e-11, -1.57856822589938e-08, -4.501164887709383e-09, -3.3086361332559874e-09, -8.306448913120597e-12, 2.8422095246691184e-09, -7.916947357873516e-13, -6.211219486704792e-08, 2.8017877714389444e-08, 2.547515676510019e-09, -1.5175769797961863e-11, -7.916947357873516e-13, 2.888043589928664e-09]"
1402415883905057073,,143553,,1402415883,904097080,/enu,/imu,,,,2.49922675999,30.7066911394,-32.0939079898,,-0.816595433513,0.576796861741,0.0218442555288,0.000326729565069,"[0.03051967026071172, -0.0050468941033219444, -0.0002956384609935089, 3.5781445247070844e-07, 4.367053230368417e-06, 9.247020450512097e-05, -0.0050468941033219444, 0.034800635082591756, 0.009842740052981316, 1.6917266150994143e-06, 1.773938592348271e-06, 9.003093115434848e-05, -0.0002956384609935089, 0.009842740052981316, 0.21807902411164581, 1.5386249950549632e-06, -5.8078905357967675e-06, -5.560579662374813e-06, 3.5781445247070844e-07, 1.6917266150994143e-06, 1.5386249950549632e-06, 5.192271471837418e-06, -1.9643941694784424e-07, -6.340655507911341e-08, 4.367053230368417e-06, 1.773938592348271e-06, -5.8078905357967675e-06, -1.9643941694784424e-07, 4.905405843503795e-06, 6.363568594877999e-07, 9.247020450512097e-05, 9.003093115434848e-05, -5.560579662374813e-06, -6.340655507911341e-08, 6.363568594877999e-07, 0.00011802046849389652]",,,,-0.236883771122,-0.810958608928,-0.157817326633,,0.0124621188395,0.00912453456558,-0.0565342035501,"[0.00037636826862057275, 2.1880821985733877e-05, 1.1448122852282336e-05, -1.057901105012361e-09, -1.614604019799557e-08, -6.21575626206926e-08, 2.1880821985733877e-05, 0.00033991942960837605, 3.5974809437738724e-05, 1.9013405199685175e-08, -4.547735813535111e-09, 2.8006486995371785e-08, 1.1448122852282336e-05, 3.5974809437738724e-05, 0.00022802660706793709, 2.709158810878203e-09, -3.3046962945472085e-09, 2.537296497083572e-09, -1.057901105012361e-09, 1.9013405199685175e-08, 2.709158810878203e-09, 2.87875629854383e-09, -8.30641892282494e-12, -1.5176597798006517e-11, -1.614604019799557e-08, -4.547735813535111e-09, -3.3046962945472085e-09, -8.30641892282494e-12, 2.8422094584302043e-09, -7.915424377375773e-13, -6.21575626206926e-08, 2.8006486995371785e-08, 2.537296497083572e-09, -1.5176597798006517e-11, -7.915424377375773e-13, 2.8880337154720526e-09]"
1402415883942827277,,143554,,1402415883,914071083,/enu,/imu,,,,2.50620659684,30.7114491521,-32.0922190757,,-0.816789316707,0.57652292359,0.0218267719684,0.000350306509343,"[0.03052326049077146, -0.005046253137110312, -0.0002934957761260911, 3.323937356462212e-07, 4.631170850531281e-06, 9.253034195626239e-05, -0.005046253137110312, 0.034804589629147814, 0.009843250466353294, 1.4118875130233107e-06, 1.8022763269617165e-06, 9.010552329136023e-05, -0.0002934957761260911, 0.009843250466353294, 0.21810473370593428, 1.5323758965717243e-06, -5.815492917769122e-06, -5.56608680395357e-06, 3.323937356462212e-07, 1.4118875130233107e-06, 1.5323758965717243e-06, 5.2319875863744814e-06, -1.9643551903027992e-07, -6.325918877677579e-08, 4.631170850531281e-06, 1.8022763269617165e-06, -5.815492917769122e-06, -1.9643551903027992e-07, 4.945152209791018e-06, 6.348141840942335e-07, 9.253034195626239e-05, 9.010552329136023e-05, -5.56608680395357e-06, -6.325918877677579e-08, 6.348141840942335e-07, 0.00011804106802308652]",,,,-0.238495375098,-0.808483195543,-0.151242693407,,0.0051725634903,0.000730506333032,-0.0627193106425,"[0.00038171103175314695, 2.236583331158121e-05, 1.141456226349895e-05, -1.0613588076362669e-09, -1.6475889168382106e-08, -6.2200587713e-08, 2.236583331158121e-05, 0.00034574093414432573, 3.644729113839453e-05, 1.934868542263371e-08, -4.5914739040813704e-09, 2.798981727177318e-08, 1.141456226349895e-05, 3.644729113839453e-05, 0.00022842545373563677, 2.739587481441333e-09, -3.300097720692548e-09, 2.535202038001401e-09, -1.0613588076362669e-09, 1.934868542263371e-08, 2.739587481441333e-09, 2.8787562233710098e-09, -8.30638865110824e-12, -1.51774320233059e-11, -1.6475889168382106e-08, -4.5914739040813704e-09, -3.300097720692548e-09, -8.30638865110824e-12, 2.842209391107718e-09, -7.913915725842687e-13, -6.2200587713e-08, 2.798981727177318e-08, 2.535202038001401e-09, -1.51774320233059e-11, -7.913915725842687e-13, 2.8880238376423155e-09]"
1402415883942854857,,143555,,1402415883,925071954,/enu,/imu,,,,2.51401513267,30.7169323343,-32.0907393308,,-0.816974507937,0.576265674391,0.0216873854653,0.000428032898234,"[0.030527383449020347, -0.005045545569925421, -0.0002911270633345951, 3.041144241276309e-07, 4.927853480044265e-06, 9.259797024033609e-05, -0.005045545569925421, 0.03480907922572298, 0.00984382877413675, 1.0976837349431296e-06, 1.8338394928357081e-06, 9.01871347390434e-05, -0.0002911270633345951, 0.00984382877413675, 0.2181332718236242, 1.525538226583496e-06, -5.823815489959793e-06, -5.572322551413192e-06, 3.041144241276309e-07, 1.0976837349431296e-06, 1.525538226583496e-06, 5.280324849440083e-06, -1.9643199543406e-07, -6.311781306376825e-08, 4.927853480044265e-06, 1.8338394928357081e-06, -5.823815489959793e-06, -1.9643199543406e-07, 4.993519848063084e-06, 6.332588691894153e-07, 9.259797024033609e-05, 9.01871347390434e-05, -5.572322551413192e-06, -6.311781306376825e-08, 6.332588691894153e-07, 0.00011807044445317857]",,,,-0.238073615697,-0.80892112448,-0.145704057027,,0.0253845019698,0.0131006569321,-0.0553193307096,"[0.0003877576907127639, 2.2898439865185938e-05, 1.1393990892611823e-05, -1.0640844470184313e-09, -1.6842925939329317e-08, -6.224577446032342e-08, 2.2898439865185938e-05, 0.00035232760628711675, 3.694743445141076e-05, 1.972254592433702e-08, -4.639253507286825e-09, 2.797887267731418e-08, 1.1393990892611823e-05, 3.694743445141076e-05, 0.00022889584310591037, 2.7685912553315193e-09, -3.2961354746158457e-09, 2.5182459676286172e-09, -1.0640844470184313e-09, 1.972254592433702e-08, 2.7685912553315193e-09, 2.8787561471680737e-09, -8.306358139373154e-12, -1.517827185105039e-11, -1.6842925939329317e-08, -4.639253507286825e-09, -3.2961354746158457e-09, -8.306358139373154e-12, 2.8422093227758065e-09, -7.912420079992256e-13, -6.224577446032342e-08, 2.797887267731418e-08, 2.5182459676286172e-09, -1.517827185105039e-11, -7.912420079992256e-13, 2.888013957200022e-09]"
1402415883942883300,,143556,,1402415883,935060024,/enu,/imu,,,,2.49632385226,30.7071568572,-32.0811168065,,-0.816816211553,0.576515906322,0.0208852403158,0.002119678714,"[0.030503932649189377, -0.005048356531756202, -0.000303061186000522, 3.2637872915184594e-07, 3.816657912014236e-06, 9.219096449780878e-05, -0.005048356531756202, 0.03478816615244854, 0.009847307623262538, 2.2029136870175907e-06, 1.7369191054071382e-06, 9.007619318152841e-05, -0.000303061186000522, 0.009847307623262538, 0.2180251547920663, 1.7721356907560565e-06, -5.808473074893668e-06, -5.5449891314603725e-06, 3.2637872915184594e-07, 2.2029136870175907e-06, 1.7721356907560565e-06, 5.119319037664665e-06, -1.962619648389395e-07, -4.956680070508348e-08, 3.816657912014236e-06, 1.7369191054071382e-06, -5.808473074893668e-06, -1.962619648389395e-07, 4.8303619173790025e-06, 5.61091482213861e-07, 9.219096449780878e-05, 9.007619318152841e-05, -5.5449891314603725e-06, -4.956680070508348e-08, 5.61091482213861e-07, 0.0001180655166308965]",,,,-0.229818167675,-0.761581947058,-0.141033043351,,-0.0118338510481,-0.00921043774435,-0.0591842265635,"[0.0003563445249449293, 2.3068554408243106e-05, 1.1024261535227958e-05, -8.76092963861735e-10, -1.560707933544286e-08, -5.848978796842273e-08, 2.3068554408243106e-05, 0.00032897145951796486, 3.2719011558240594e-05, 1.8419947399366398e-08, -4.36312986435525e-09, 2.677536660649661e-08, 1.1024261535227958e-05, 3.2719011558240594e-05, 0.0002256244905664637, 2.4109821754727004e-09, -3.201413393677931e-09, 2.2487187165738073e-09, -8.76092963861735e-10, 1.8419947399366398e-08, 2.4109821754727004e-09, 2.8786597344103714e-09, -8.304999636545727e-12, -1.520986651934903e-11, -1.560707933544286e-08, -4.36312986435525e-09, -3.201413393677931e-09, -8.304999636545727e-12, 2.8421117023203905e-09, -7.92265305986806e-13, -5.848978796842273e-08, 2.677536660649661e-08, 2.2487187165738073e-09, -1.520986651934903e-11, -7.92265305986806e-13, 2.88799413696502e-09]"
1402415883982823572,,143557,,1402415883,945074081,/enu,/imu,,,,2.50278678514,30.7118380409,-32.0797140412,,-0.817000991231,0.576256457613,0.0208371083739,0.00192101566415,"[0.03050740295956684, -0.0050477317691363655, -0.0003009126183359333, 3.0125098438360835e-07, 4.073009054358237e-06, 9.224421165398197e-05, -0.0050477317691363655, 0.03479204126455701, 0.009847746648427778, 1.9316706116554564e-06, 1.7647846825445032e-06, 9.014550613281532e-05, -0.0003009126183359333, 0.009847746648427778, 0.21805110931724658, 1.7662373331692958e-06, -5.816064608214139e-06, -5.550308131520008e-06, 3.0125098438360835e-07, 1.9316706116554564e-06, 1.7662373331692958e-06, 5.159358831705042e-06, -1.962584322089714e-07, -4.942714870755676e-08, 4.073009054358237e-06, 1.7647846825445032e-06, -5.816064608214139e-06, -1.962584322089714e-07, 4.870432893448652e-06, 5.595822711822081e-07, 9.224421165398197e-05, 9.014550613281532e-05, -5.550308131520008e-06, -4.942714870755676e-08, 5.595822711822081e-07, 0.00011808647190464815]",,,,-0.228868890204,-0.763838589578,-0.145670645848,,-0.0277383306804,0.0312134443942,-0.0599573807723,"[0.0003615231533309798, 2.3529694660364964e-05, 1.1034628789070656e-05, -8.778494843294069e-10, -1.5932784362081814e-08, -5.852965666477323e-08, 2.3529694660364964e-05, 0.0003346240898785309, 3.318011673894791e-05, 1.8751265532311998e-08, -4.4034684358414185e-09, 2.6758063360812078e-08, 1.1034628789070656e-05, 3.318011673894791e-05, 0.00022604758783651227, 2.4445878574923094e-09, -3.20266044424823e-09, 2.2375264887624788e-09, -8.778494843294069e-10, 1.8751265532311998e-08, 2.4445878574923094e-09, 2.8786596619673347e-09, -8.304969854429337e-12, -1.5210683624069688e-11, -1.5932784362081814e-08, -4.4034684358414185e-09, -3.20266044424823e-09, -8.304969854429337e-12, 2.8421116370114015e-09, -7.921151291161504e-13, -5.852965666477323e-08, 2.6758063360812078e-08, 2.2375264887624788e-09, -1.5210683624069688e-11, -7.921151291161504e-13, 2.887984272043298e-09]"
1402415883982899361,,143558,,1402415883,956063032,/enu,/imu,,,,2.50995878652,30.7171424588,-32.0783216227,,-0.817203074391,0.575971486371,0.0207840393073,0.00200145052897,"[0.03051137144089778, -0.0050470557893746, -0.0002984753575169146, 2.734339726597965e-07, 4.360006996522347e-06, 9.230447736739587e-05, -0.0050470557893746, 0.03479631398348469, 0.009848254466857956, 1.628101244594129e-06, 1.7957030712130064e-06, 9.02255176271466e-05, -0.0002984753575169146, 0.009848254466857956, 0.21807935166525416, 1.7597952789501602e-06, -5.824511227413229e-06, -5.556480320441672e-06, 2.734339726597965e-07, 1.628101244594129e-06, 1.7597952789501602e-06, 5.2075942265593635e-06, -1.9625525147050511e-07, -4.9293229210992784e-08, 4.360006996522347e-06, 1.7957030712130064e-06, -5.824511227413229e-06, -1.9625525147050511e-07, 4.918699632551061e-06, 5.58060293615155e-07, 9.230447736739587e-05, 9.02255176271466e-05, -5.556480320441672e-06, -4.9293229210992784e-08, 5.58060293615155e-07, 0.00011811577043337183]",,,,-0.228032496879,-0.765348462073,-0.145045904021,,0.0166616675606,-4.3270948849e-05,-0.0610618801609,"[0.0003673630626087345, 2.4056147737240035e-05, 1.0985564595417907e-05, -8.797252839765543e-10, -1.6294270485097635e-08, -5.857409204776826e-08, 2.4056147737240035e-05, 0.0003410100599748044, 3.363090507763983e-05, 1.911919167151836e-08, -4.450003381819319e-09, 2.673994638572663e-08, 1.0985564595417907e-05, 3.363090507763983e-05, 0.0002265136681344149, 2.4727759684306376e-09, -3.196390873427959e-09, 2.2323866025126047e-09, -8.797252839765543e-10, 1.911919167151836e-08, 2.4727759684306376e-09, 2.878659588521617e-09, -8.304939858069184e-12, -1.5211506375430838e-11, -1.6294270485097635e-08, -4.450003381819319e-09, -3.196390873427959e-09, -8.304939858069184e-12, 2.842111570720596e-09, -7.919662488311921e-13, -5.857409204776826e-08, 2.673994638572663e-08, 2.2323866025126047e-09, -1.5211506375430838e-11, -7.919662488311921e-13, 2.887974404457938e-09]"
1402415883982926521,,143559,,1402415883,966062068,/enu,/imu,,,,2.51667806701,30.7217918992,-32.0769738875,,-0.817393596692,0.575700910015,0.0207864934433,0.00202286554053,"[0.030515057412516262, -0.005046411708069602, -0.00029637663597027584, 2.479482637727669e-07, 4.625913702833839e-06, 9.23576444546084e-05, -0.005046411708069602, 0.03480029478983836, 0.009848635339050562, 1.3467006685505732e-06, 1.8239094899246182e-06, 9.029607813151759e-05, -0.00029637663597027584, 0.009848635339050562, 0.21810544034413315, 1.7539415600131716e-06, -5.832154441357227e-06, -5.561883564575288e-06, 2.479482637727669e-07, 1.3467006685505732e-06, 1.7539415600131716e-06, 5.247509862111527e-06, -1.9625166441101085e-07, -4.915098107236826e-08, 4.625913702833839e-06, 1.8239094899246182e-06, -5.832154441357227e-06, -1.9625166441101085e-07, 4.958647814420856e-06, 5.565256386859882e-07, 9.23576444546084e-05, 9.029607813151759e-05, -5.561883564575288e-06, -4.915098107236826e-08, 5.565256386859882e-07, 0.00011813658785875337]",,,,-0.228872580486,-0.763375443466,-0.140827050576,,0.00230345659913,-0.00236267267609,-0.0634917503351,"[0.00037273486247734947, 2.45410701029012e-05, 1.0937397313689592e-05, -8.822075602612497e-10, -1.662623560453018e-08, -5.8614109660729304e-08, 2.45410701029012e-05, 0.00034687675345539777, 3.4062091767384693e-05, 1.9456725802798103e-08, -4.492703351528765e-09, 2.6720613955853947e-08, 1.0937397313689592e-05, 3.4062091767384693e-05, 0.00022690871572599882, 2.50112163044142e-09, -3.190845854653609e-09, 2.232788190583574e-09, -8.822075602612497e-10, 1.9456725802798103e-08, 2.50112163044142e-09, 2.8786595139917054e-09, -8.304909577051173e-12, -1.5212335323705516e-11, -1.662623560453018e-08, -4.492703351528765e-09, -3.190845854653609e-09, -8.304909577051173e-12, 2.8421115033314673e-09, -7.918188238312658e-13, -5.8614109660729304e-08, 2.6720613955853947e-08, 2.232788190583574e-09, -1.5212335323705516e-11, -7.918188238312658e-13, 2.887964533576022e-09]"
1402415883982948736,,143560,,1402415883,977061986,/enu,/imu,,,,2.52359648518,30.7268978852,-32.0753929526,,-0.817582170049,0.575436492228,0.0207074351817,0.00185492824139,"[0.030519082697668933, -0.005045708003122279, -0.0002939556825441654, 2.1966290564748374e-07, 4.923928118545423e-06, 9.241747844843402e-05, -0.005045708003122279, 0.0348048259541321, 0.009849102808479795, 1.031433234462457e-06, 1.8552709460588477e-06, 9.037660447880724e-05, -0.0002939556825441654, 0.009849102808479795, 0.2181338003160199, 1.7475470689382256e-06, -5.840642763921047e-06, -5.568224952067423e-06, 2.1966290564748374e-07, 1.031433234462457e-06, 1.7475470689382256e-06, 5.295838078030108e-06, -1.9624844071468596e-07, -4.901462747270696e-08, 4.923928118545423e-06, 1.8552709460588477e-06, -5.840642763921047e-06, -1.9624844071468596e-07, 5.007008736738553e-06, 5.549782098680161e-07, 9.241747844843402e-05, 9.037660447880724e-05, -5.568224952067423e-06, -4.901462747270696e-08, 5.549782098680161e-07, 0.00011816596961094079]",,,,-0.227170314565,-0.767895265718,-0.137783257452,,-0.0174666948802,0.0297776273762,-0.0556499806485,"[0.00037879435695065806, 2.5061183601761273e-05, 1.0942228570157221e-05, -8.84707906246509e-10, -1.6993803888650204e-08, -5.865783259407542e-08, 2.5061183601761273e-05, 0.0003534647513344139, 3.45766213889903e-05, 1.9830838582034377e-08, -4.538067018997919e-09, 2.6704398740777653e-08, 1.0942228570157221e-05, 3.45766213889903e-05, 0.00022740902462176657, 2.536506201640778e-09, -3.1915595025992363e-09, 2.218417762444218e-09, -8.84707906246509e-10, 1.9830838582034377e-08, 2.536506201640778e-09, 2.8786594384879242e-09, -8.30487903733067e-12, -1.5213169879825862e-11, -1.6993803888650204e-08, -4.538067018997919e-09, -3.1915595025992363e-09, -8.30487903733067e-12, 2.8421114349698374e-09, -7.916727030957438e-13, -5.865783259407542e-08, 2.6704398740777653e-08, 2.218417762444218e-09, -1.5213169879825862e-11, -7.916727030957438e-13, 2.887954659979727e-09]"
1402415884022825784,,143561,,1402415883,987045049,/enu,/imu,,,,2.52685402738,30.7394937789,-32.0411300128,,-0.817732366702,0.575249789831,0.0199671871494,0.00166348572874,"[0.03049553951215162, -0.005048600135786247, -0.00030560489348613394, 2.4658105509549856e-07, 3.7982685058235004e-06, 9.202935132987698e-05, -0.005048600135786247, 0.034783916804701255, 0.009852759179630959, 2.1346551309664995e-06, 1.7503858422019592e-06, 9.027009589813289e-05, -0.00030560489348613394, 0.009852759179630959, 0.2180262681995835, 1.966187712418174e-06, -5.804041174019363e-06, -5.532170786619158e-06, 2.4658105509549856e-07, 2.1346551309664995e-06, 1.966187712418174e-06, 5.134403352524705e-06, -1.9628723114688116e-07, -3.5716705293292943e-08, 3.7982685058235004e-06, 1.7503858422019592e-06, -5.804041174019363e-06, -1.9628723114688116e-07, 4.843122125666799e-06, 4.871775198611239e-07, 9.202935132987698e-05, 9.027009589813289e-05, -5.532170786619158e-06, -3.5716705293292943e-08, 4.871775198611239e-07, 0.00011816404969688227]",,,,-0.245494860897,-0.766780320969,-0.141162524255,,0.0374260643848,-0.0164988518293,-0.0608409587201,"[0.00035526260512120284, 2.118880728891226e-05, 1.1390267039627742e-05, -7.81899084546224e-10, -1.5650433975902797e-08, -5.858989159189376e-08, 2.118880728891226e-05, 0.0003315427690518387, 3.235176362288708e-05, 1.8529147405074148e-08, -4.332618563911795e-09, 2.7768579683488994e-08, 1.1390267039627742e-05, 3.235176362288708e-05, 0.00022487363815288882, 2.407242552264549e-09, -3.264461726961633e-09, 2.1085088554948374e-09, -7.81899084546224e-10, 1.8529147405074148e-08, 2.407242552264549e-09, 2.878562835162079e-09, -8.303461273133554e-12, -1.524263164474521e-11, -1.5650433975902797e-08, -4.332618563911795e-09, -3.264461726961633e-09, -8.303461273133554e-12, 2.842013779316973e-09, -7.92581215003098e-13, -5.858989159189376e-08, 2.7768579683488994e-08, 2.1085088554948374e-09, -1.524263164474521e-11, -7.92581215003098e-13, 2.8879361759166607e-09]"
1402415884022853738,,143562,,1402415883,998051881,/enu,/imu,,,,2.53397943411,30.7448540151,-32.0396051269,,-0.817950017623,0.574943406174,0.019876449317,0.00166587235269,"[0.03049939779151018, -0.005047901161633126, -0.00030325489738467274, 2.1891914712087296e-07, 4.081902401751921e-06, 9.208311462263334e-05, -0.005047901161633126, 0.034788187303367565, 0.00985323155862948, 1.834779071242439e-06, 1.7809769155467754e-06, 9.035313041466764e-05, -0.00030325489738467274, 0.00985323155862948, 0.21805445081996475, 1.9600815219476735e-06, -5.812793114450464e-06, -5.538385054738538e-06, 2.1891914712087296e-07, 1.834779071242439e-06, 1.9600815219476735e-06, 5.182797205791153e-06, -1.962843403939292e-07, -3.558700352092373e-08, 4.081902401751921e-06, 1.7809769155467754e-06, -5.812793114450464e-06, -1.962843403939292e-07, 4.8915488813782225e-06, 4.856767714065851e-07, 9.208311462263334e-05, 9.035313041466764e-05, -5.538385054738538e-06, -3.558700352092373e-08, 4.856767714065851e-07, 0.00011819352498702958]",,,,-0.243161842293,-0.76998482642,-0.150190216148,,0.00893053978249,0.0137638362698,-0.0655902334499,"[0.00036102958063668404, 2.1705296889234286e-05, 1.1380312697110965e-05, -7.842393239908524e-10, -1.6009481810207527e-08, -5.863637163960665e-08, 2.1705296889234286e-05, 0.0003378544653383388, 3.280952112469215e-05, 1.889531510759632e-08, -4.378717042131599e-09, 2.7742339670408304e-08, 1.1380312697110965e-05, 3.280952112469215e-05, 0.0002253499527809093, 2.4368699873323465e-09, -3.2621393694987417e-09, 2.0965012664022267e-09, -7.842393239908524e-10, 1.889531510759632e-08, 2.4368699873323465e-09, 2.878562763270256e-09, -8.303431499264911e-12, -1.524344388359655e-11, -1.6009481810207527e-08, -4.378717042131599e-09, -3.2621393694987417e-09, -8.303431499264911e-12, 2.8420137139121176e-09, -7.92434329790965e-13, -5.863637163960665e-08, 2.7742339670408304e-08, 2.0965012664022267e-09, -1.524344388359655e-11, -7.92434329790965e-13, 2.887926316248925e-09]"
1402415884022877761,,143563,,1402415884,8060932,/enu,/imu,,,,2.54052840809,30.7497462597,-32.0382735998,,-0.818143709177,0.574670135817,0.0197869078238,0.00189325487666,"[0.030503051960032834, -0.005047284729767919, -0.00030114998803588224, 1.9357996872661054e-07, 4.344810404208127e-06, 9.21323357611767e-05, -0.005047284729767919, 0.03479213209059186, 0.009853627087034822, 1.5566996205489207e-06, 1.8088729792918624e-06, 9.042638183577416e-05, -0.00030114998803588224, 0.009853627087034822, 0.2180802795183644, 1.9544539173448763e-06, -5.82069602449519e-06, -5.543636360086595e-06, 1.9357996872661054e-07, 1.5566996205489207e-06, 1.9544539173448763e-06, 5.222794119428751e-06, -1.962810457933088e-07, -3.544899028239791e-08, 4.344810404208127e-06, 1.8088729792918624e-06, -5.82069602449519e-06, -1.962810457933088e-07, 4.93157991296532e-06, 4.841632624512631e-07, 9.21323357611767e-05, 9.042638183577416e-05, -5.543636360086595e-06, -3.544899028239791e-08, 4.841632624512631e-07, 0.00011821444054700009]",,,,-0.24242098242,-0.765198012101,-0.144598942104,,0.0465932246705,-0.0109764612014,-0.064927567337,"[0.0003663374615012386, 2.219344924337817e-05, 1.1327122785978442e-05, -7.860799284599048e-10, -1.6339921088185954e-08, -5.867699819388053e-08, 2.219344924337817e-05, 0.0003436826000769343, 3.318100890152895e-05, 1.9232384351716475e-08, -4.422236226530141e-09, 2.7718293137032005e-08, 1.1327122785978442e-05, 3.318100890152895e-05, 0.00022571363274566806, 2.456618769514919e-09, -3.2542757654256925e-09, 2.08954937620557e-09, -7.860799284599048e-10, 1.9232384351716475e-08, 2.456618769514919e-09, 2.878562690344325e-09, -8.303401461114096e-12, -1.524426232315473e-11, -1.6339921088185954e-08, -4.422236226530141e-09, -3.2542757654256925e-09, -8.303401461114096e-12, 2.842013647475292e-09, -7.922889014111511e-13, -5.867699819388053e-08, 2.7718293137032005e-08, 2.08954937620557e-09, -1.524426232315473e-11, -7.922889014111511e-13, 2.8879164532179053e-09]"
1402415884022966947,,143564,,1402415884,18050909,/enu,/imu,,,,2.54695687837,30.754623281,-32.0369504535,,-0.818334698159,0.574396984761,0.0198290507187,0.00179845329219,"[0.03050672321125313, -0.005046586861406088, -0.0002991281300731944, 1.6810778823246786e-07, 4.611777946720807e-06, 9.218294864871897e-05, -0.005046586861406088, 0.03479612735605714, 0.009853976304990353, 1.2742855013807386e-06, 1.8368690434682173e-06, 9.04961458635644e-05, -0.0002991281300731944, 0.009853976304990353, 0.2181061573567621, 1.9487888770904852e-06, -5.8284383566631884e-06, -5.549066803448042e-06, 1.6810778823246786e-07, 1.2742855013807386e-06, 1.9487888770904852e-06, 5.262636598034578e-06, -1.9627772479899465e-07, -3.5309775207973946e-08, 4.611777946720807e-06, 1.8368690434682173e-06, -5.8284383566631884e-06, -1.9627772479899465e-07, 4.971457154529938e-06, 4.826381825510966e-07, 9.218294864871897e-05, 9.04961458635644e-05, -5.549066803448042e-06, -3.5309775207973946e-08, 4.826381825510966e-07, 0.00011823519426938389]",,,,-0.241954619135,-0.764463022217,-0.14152724111,,-0.0212217032408,0.00448622673392,-0.063270872215,"[0.00037172555258335407, 2.2671909275765047e-05, 1.1308108455011606e-05, -7.884457942872127e-10, -1.6672096583777506e-08, -5.8717449938505593e-08, 2.2671909275765047e-05, 0.00034955018064759927, 3.363847800426239e-05, 1.9570054283834626e-08, -4.46366464275301e-09, 2.7693408138842795e-08, 1.1308108455011606e-05, 3.363847800426239e-05, 0.0002261243446951907, 2.4891937681999626e-09, -3.251809930946361e-09, 2.092318337078235e-09, -7.884457942872127e-10, 1.9570054283834626e-08, 2.4891937681999626e-09, 2.8785626163820982e-09, -8.303371167275665e-12, -1.5245086399393854e-11, -1.6672096583777506e-08, -4.46366464275301e-09, -3.251809930946361e-09, -8.303371167275665e-12, 2.8420135800195053e-09, -7.921448299041697e-13, -5.8717449938505593e-08, 2.7693408138842795e-08, 2.092318337078235e-09, -1.5245086399393854e-11, -7.921448299041697e-13, 2.887906587460516e-09]"
1402415884062847590,,143565,,1402415884,29086112,/enu,/imu,,,,2.55404254992,30.7599376673,-32.0354189301,,-0.818555267384,0.574084644638,0.0197631212716,0.00187458421832,"[0.03051091345194857, -0.005045870167352586, -0.0002968051777794868, 1.3974420304772446e-07, 4.912418480294542e-06, 9.22413796178554e-05, -0.005045870167352586, 0.034800584336209646, 0.009854412915711902, 9.564064547917515e-07, 1.8681324435255333e-06, 9.057517765634288e-05, -0.0002968051777794868, 0.009854412915711902, 0.21813465800276027, 1.9425185935563148e-06, -5.83703921944746e-06, -5.555300550060704e-06, 1.3974420304772446e-07, 9.564064547917515e-07, 1.9425185935563148e-06, 5.311275430140622e-06, -1.962747830902071e-07, -3.5176885612631645e-08, 4.912418480294542e-06, 1.8681324435255333e-06, -5.83703921944746e-06, -1.962747830902071e-07, 5.020130908652432e-06, 4.811001826567794e-07, 9.22413796178554e-05, 9.057517765634288e-05, -5.555300550060704e-06, -3.5176885612631645e-08, 4.811001826567794e-07, 0.00011826490314498923]",,,,-0.240690586443,-0.765999758738,-0.143431928501,,0.0172141160094,0.00238772049145,-0.0670261158755,"[0.00037783197486395873, 2.321013018793586e-05, 1.1269612505511254e-05, -7.923145149154039e-10, -1.7041899954891137e-08, -5.87640577520455e-08, 2.321013018793586e-05, 0.0003562182220946113, 3.4096236534947967e-05, 1.9947192000678468e-08, -4.511974103167997e-09, 2.766525679395086e-08, 1.1269612505511254e-05, 3.4096236534947967e-05, 0.00022659376656607025, 2.5170022074402507e-09, -3.246687887699084e-09, 2.085075202687519e-09, -7.923145149154039e-10, 1.9947192000678468e-08, 2.5170022074402507e-09, 2.878562541507358e-09, -8.303340621544844e-12, -1.524591602830703e-11, -1.7041899954891137e-08, -4.511974103167997e-09, -3.246687887699084e-09, -8.303340621544844e-12, 2.842013511560649e-09, -7.920020862627269e-13, -5.87640577520455e-08, 2.766525679395086e-08, 2.085075202687519e-09, -1.524591602830703e-11, -7.920020862627269e-13, 2.8878967190606014e-09]"
1402415884062880240,,143566,,1402415884,39042949,/enu,/imu,,,,2.57008333427,30.7894880704,-31.9944199981,,-0.818858046703,0.573680029166,0.0190449852522,0.000109651960353,"[0.03048721716107545, -0.005048853224648502, -0.00030806400610771127, 1.6383946632007375e-07, 3.7530615612286827e-06, 9.182825009808925e-05, -0.005048853224648502, 0.034779823699219316, 0.00985821753480945, 2.0635953854362212e-06, 1.7496250385249738e-06, 9.052409442384949e-05, -0.00030806400610771127, 0.00985821753480945, 0.21802758575943929, 2.1391949847555278e-06, -5.781527825470248e-06, -5.501274711562758e-06, 1.6383946632007375e-07, 2.0635953854362212e-06, 2.1391949847555278e-06, 5.145399825720833e-06, -1.9679635209235737e-07, -3.150835249839465e-08, 3.7530615612286827e-06, 1.7496250385249738e-06, -5.781527825470248e-06, -1.9679635209235737e-07, 4.851749575334302e-06, 4.0980912727900646e-07, 9.182825009808925e-05, 9.052409442384949e-05, -5.501274711562758e-06, -3.150835249839465e-08, 4.0980912727900646e-07, 0.00011826173134159232]",,,,-0.282000324124,-0.790491856324,-0.148225840092,,0.00484274935298,-0.0164963197958,-0.0715546792407,"[0.0003589186531267662, 1.635761880649644e-05, 1.2369239596970007e-05, -7.339532336195436e-10, -1.560961542082926e-08, -6.093011959997997e-08, 1.635761880649644e-05, 0.000335452680904361, 3.314429507832387e-05, 1.862781931923609e-08, -4.358668410293766e-09, 3.0521095045649676e-08, 1.2369239596970007e-05, 3.314429507832387e-05, 0.00022457237516132576, 2.5380482253811286e-09, -3.4450833169721684e-09, 2.0587131348630754e-09, -7.339532336195436e-10, 1.862781931923609e-08, 2.5380482253811286e-09, 2.8784640504701567e-09, -8.301960481641286e-12, -1.527572162059917e-11, -1.560961542082926e-08, -4.358668410293766e-09, -3.4450833169721684e-09, -8.301960481641286e-12, 2.841914250442515e-09, -7.980289191436415e-13, -6.093011959997997e-08, 3.0521095045649676e-08, 2.0587131348630754e-09, -1.527572162059917e-11, -7.980289191436415e-13, 2.887877779232284e-09]"
